### DATA:
#
# 393
#      Q             I(Q)           Error     
1.58623933E-02  8.14951599E-01  2.81621027E-03
1.71313847E-02  4.07993734E-01  1.85816980E-03
1.84003762E-02  2.56379068E-01  1.50607200E-03
1.96693677E-02  1.83461636E-01  1.21978880E-03
2.09383591E-02  1.43030569E-01  1.10014935E-03
2.22073506E-02  1.16346478E-01  8.68848176E-04
2.34763421E-02  1.00388072E-01  8.35329876E-04
2.47453335E-02  8.86211991E-02  7.58285983E-04
2.60143250E-02  7.79588521E-02  6.78115874E-04
2.72833164E-02  7.12705702E-02  6.80009834E-04
2.85523079E-02  6.55069053E-02  5.64616115E-04
2.98212994E-02  6.07715771E-02  5.81346569E-04
3.10902908E-02  5.67604415E-02  5.39189496E-04
3.23592823E-02  5.42592816E-02  5.27242199E-04
3.36282738E-02  5.14535122E-02  5.00475115E-04
3.48972652E-02  4.92764823E-02  4.51874977E-04
3.61662567E-02  4.67711762E-02  4.55017347E-04
3.74352481E-02  4.42327484E-02  4.32868663E-04
3.87042396E-02  4.25679497E-02  4.29282896E-04
3.99732311E-02  4.23175953E-02  4.06060455E-04
4.12422225E-02  3.93533334E-02  3.84253915E-04
4.25112140E-02  3.89795080E-02  3.86034662E-04
4.37802055E-02  3.76106910E-02  3.68751498E-04
4.50491969E-02  3.70427296E-02  3.65851593E-04
4.63181884E-02  3.62828597E-02  3.49345384E-04
4.75871798E-02  3.58189680E-02  3.44160566E-04
4.88561713E-02  3.46622579E-02  3.53939860E-04
5.01251628E-02  3.48984636E-02  3.21296364E-04
5.13941542E-02  3.41373645E-02  3.15561250E-04
5.26631457E-02  3.33002321E-02  3.18670296E-04
5.39321372E-02  3.27243395E-02  3.11421871E-04
5.52011286E-02  3.15228477E-02  3.17926577E-04
5.64701201E-02  3.20744142E-02  2.87216651E-04
5.77391115E-02  3.23936418E-02  3.05724854E-04
5.90081030E-02  3.13831270E-02  2.94071331E-04
6.02770945E-02  3.12173553E-02  2.92198703E-04
6.15460859E-02  3.14150341E-02  2.88114388E-04
6.28150774E-02  3.08298878E-02  2.74164544E-04
6.40840689E-02  3.06344666E-02  2.89571704E-04
6.53530603E-02  3.11874058E-02  2.74430087E-04
6.66220518E-02  3.05904113E-02  2.77463871E-04
6.78910432E-02  3.07117607E-02  2.58319429E-04
6.91600347E-02  3.03536598E-02  2.64354807E-04
7.04290262E-02  2.98951678E-02  2.67355965E-04
7.16980176E-02  3.05427499E-02  2.57848151E-04
7.29670091E-02  3.05023305E-02  2.56095896E-04
7.42360006E-02  2.99077090E-02  2.52271013E-04
7.55049920E-02  3.06339618E-02  2.55247433E-04
7.67739835E-02  3.04581374E-02  2.58818443E-04
7.80429750E-02  3.04654725E-02  2.41811475E-04
7.93119664E-02  3.03838942E-02  2.48896948E-04
8.05809579E-02  3.13592665E-02  2.47646793E-04
8.18499493E-02  3.14643383E-02  2.49294157E-04
8.31189408E-02  3.24658416E-02  2.59835826E-04
8.43879323E-02  3.31813581E-02  2.44984258E-04
8.56569237E-02  3.46140750E-02  2.49037170E-04
8.69259152E-02  3.72139402E-02  2.59241468E-04
8.81949067E-02  3.91941629E-02  2.65984476E-04
8.94638981E-02  4.39230427E-02  2.85524933E-04
9.07328896E-02  5.31624183E-02  3.01425636E-04
9.20018810E-02  6.63746595E-02  3.39748425E-04
9.32708725E-02  8.55055079E-02  3.82197759E-04
9.45398640E-02  1.08040646E-01  4.20494995E-04
9.58088554E-02  1.32576555E-01  4.67767415E-04
9.70778469E-02  1.53310969E-01  4.94706270E-04
9.83468384E-02  1.66737765E-01  5.31387224E-04
9.96158298E-02  1.69989780E-01  5.12588245E-04
1.00884821E-01  1.62562519E-01  5.01276343E-04
1.02153813E-01  1.45629242E-01  4.82168456E-04
1.03422804E-01  1.24166623E-01  4.29657288E-04
1.04691796E-01  1.01020314E-01  4.01597063E-04
1.05960787E-01  8.04437399E-02  3.41952487E-04
1.07229779E-01  6.40242249E-02  3.08547664E-04
1.08498770E-01  5.34630343E-02  2.78823456E-04
1.09767762E-01  4.70322408E-02  2.61514971E-04
1.11036753E-01  4.27267067E-02  2.54103245E-04
1.12305744E-01  4.02730331E-02  2.32923005E-04
1.13574736E-01  3.82328592E-02  2.43558199E-04
1.14843727E-01  3.69417891E-02  2.33033366E-04
1.16112719E-01  3.57598364E-02  2.35177431E-04
1.17381710E-01  3.53665389E-02  2.36289256E-04
1.18650702E-01  3.43888216E-02  2.23735144E-04
1.19919693E-01  3.34537104E-02  2.22370305E-04
1.21188685E-01  3.31759527E-02  2.24014540E-04
1.22457676E-01  3.21154594E-02  2.20507922E-04
1.23726668E-01  3.18898372E-02  2.20566289E-04
1.24995659E-01  3.18321213E-02  2.16551445E-04
1.26264651E-01  3.13023254E-02  2.23213035E-04
1.27533642E-01  3.12284436E-02  2.21567301E-04
1.28802633E-01  3.06678005E-02  2.21458220E-04
1.30071625E-01  3.05685140E-02  2.26135671E-04
1.31340616E-01  3.04218121E-02  2.25687545E-04
1.32609608E-01  3.00276335E-02  2.29178040E-04
1.33878599E-01  2.96308212E-02  2.17355904E-04
1.35147591E-01  2.94671245E-02  2.25083859E-04
1.36416582E-01  2.95397695E-02  2.27449156E-04
1.37685574E-01  2.93302834E-02  2.26636097E-04
1.38954565E-01  2.93074492E-02  2.33349318E-04
1.40223557E-01  2.92399526E-02  2.17739536E-04
1.41492548E-01  2.92367041E-02  2.30464851E-04
1.42761540E-01  2.91640908E-02  2.31391517E-04
1.44030531E-01  2.85234842E-02  2.26589007E-04
1.45299522E-01  2.85054799E-02  2.29767553E-04
1.46568514E-01  2.85282135E-02  2.21526760E-04
1.47837505E-01  2.83601135E-02  2.21930211E-04
1.49106497E-01  2.86810193E-02  2.20003116E-04
1.50375488E-01  2.82492675E-02  2.17428387E-04
1.51644480E-01  2.87366807E-02  2.16644534E-04
1.52913471E-01  2.80522965E-02  2.09266989E-04
1.54182463E-01  2.79260837E-02  2.09004706E-04
1.55451454E-01  2.84934249E-02  2.08858561E-04
1.56720446E-01  2.80735102E-02  2.06701836E-04
1.57989437E-01  2.84369234E-02  2.10665443E-04
1.59258429E-01  2.83890571E-02  2.09390579E-04
1.60527420E-01  2.86042541E-02  2.06248165E-04
1.61796411E-01  2.83468217E-02  1.93289758E-04
1.63065403E-01  2.83463337E-02  1.95872577E-04
1.64334394E-01  2.81864908E-02  1.94423628E-04
1.65603386E-01  2.87961420E-02  1.94779946E-04
1.66872377E-01  2.87183486E-02  1.96215900E-04
1.68141369E-01  2.88485736E-02  1.83602242E-04
1.69410360E-01  2.87893899E-02  1.88834645E-04
1.70679352E-01  2.93660071E-02  1.90402367E-04
1.71948343E-01  2.91739739E-02  1.85662298E-04
1.73217335E-01  2.91341729E-02  1.87009544E-04
1.74486326E-01  2.94401757E-02  1.82225820E-04
1.75755318E-01  2.97049694E-02  1.86426085E-04
1.77024309E-01  3.00405808E-02  1.86460384E-04
1.78293300E-01  3.00537385E-02  1.78941686E-04
1.79562292E-01  3.02059166E-02  1.83430879E-04
1.80831283E-01  3.05401422E-02  1.81638316E-04
1.82100275E-01  3.11939325E-02  1.83019409E-04
1.83369266E-01  3.14530618E-02  1.86538324E-04
1.84638258E-01  3.22986133E-02  1.82461736E-04
1.85907249E-01  3.29259560E-02  1.86130506E-04
1.87176241E-01  3.40293981E-02  1.87204860E-04
1.88445232E-01  3.53279188E-02  1.90424325E-04
1.89714224E-01  3.69523987E-02  1.92246240E-04
1.90983215E-01  3.97712737E-02  2.01954579E-04
1.92252207E-01  4.31931876E-02  2.06375844E-04
1.93521198E-01  4.72160801E-02  2.17129782E-04
1.94790190E-01  5.17267361E-02  2.19532521E-04
1.96059181E-01  5.56930304E-02  2.31121870E-04
1.97328172E-01  5.73400036E-02  2.35662636E-04
1.98597164E-01  5.86739965E-02  2.38682464E-04
1.99866155E-01  5.79298511E-02  2.35126747E-04
2.01135147E-01  5.47694936E-02  2.23763986E-04
2.02404138E-01  5.10520339E-02  2.14074345E-04
2.03673130E-01  4.72204015E-02  2.07577279E-04
2.04942121E-01  4.23748828E-02  1.99019880E-04
2.06211113E-01  3.91703099E-02  1.86561098E-04
2.07480104E-01  3.59177291E-02  1.77733687E-04
2.08749096E-01  3.42708007E-02  1.76425659E-04
2.10018087E-01  3.21220122E-02  1.70134968E-04
2.11287079E-01  3.13944779E-02  1.64710596E-04
2.12556070E-01  2.98009962E-02  1.57741248E-04
2.13825061E-01  2.89741512E-02  1.59051124E-04
2.15094053E-01  2.84243487E-02  1.57228656E-04
2.16363044E-01  2.77962498E-02  1.55975358E-04
2.17632036E-01  2.71324422E-02  1.50472595E-04
2.18901027E-01  2.60837637E-02  1.48205436E-04
2.20170019E-01  2.57313792E-02  1.46858103E-04
2.21439010E-01  2.55848709E-02  1.46949329E-04
2.22708002E-01  2.52377354E-02  1.43280980E-04
2.23976993E-01  2.48583294E-02  1.43133322E-04
2.25245985E-01  2.45401952E-02  1.41178432E-04
2.26514976E-01  2.42363960E-02  1.41484852E-04
2.27783968E-01  2.38566510E-02  1.38060452E-04
2.29052959E-01  2.38346551E-02  1.37406285E-04
2.30321950E-01  2.35677846E-02  1.35454815E-04
2.31590942E-01  2.35251226E-02  1.38871314E-04
2.32859933E-01  2.33556442E-02  1.35806593E-04
2.34128925E-01  2.33551208E-02  1.34656206E-04
2.35397916E-01  2.28781383E-02  1.31168665E-04
2.36666908E-01  2.25319117E-02  1.32779649E-04
2.37935899E-01  2.22748835E-02  1.32535264E-04
2.39204891E-01  2.21576784E-02  1.27792737E-04
2.40473882E-01  2.22097673E-02  1.31432767E-04
2.41742874E-01  2.19600238E-02  1.28908549E-04
2.43011865E-01  2.21539177E-02  1.29319407E-04
2.44280857E-01  2.18504034E-02  1.28618180E-04
2.45549848E-01  2.16684304E-02  1.24984144E-04
2.46818839E-01  2.17680559E-02  1.27809020E-04
2.48087831E-01  2.15556808E-02  1.25522492E-04
2.49356822E-01  2.14641970E-02  1.26224637E-04
2.50625814E-01  2.16364805E-02  1.23189966E-04
2.51894805E-01  2.13107709E-02  1.23587510E-04
2.53163797E-01  2.13354193E-02  1.25751729E-04
2.54432788E-01  2.10438929E-02  1.21969766E-04
2.55701780E-01  2.13948973E-02  1.22891593E-04
2.56970771E-01  2.10454762E-02  1.20488359E-04
2.58239763E-01  2.11925153E-02  1.22864527E-04
2.59508754E-01  2.08729245E-02  1.21978090E-04
2.60777746E-01  2.08941773E-02  1.18026299E-04
2.62046737E-01  2.07392089E-02  1.21432924E-04
2.63315728E-01  2.09130459E-02  1.18477968E-04
2.64584720E-01  2.07441561E-02  1.20693338E-04
2.65853711E-01  2.08542161E-02  1.19843098E-04
2.67122703E-01  2.06505954E-02  1.14980445E-04
2.68391694E-01  2.07841769E-02  1.18691962E-04
2.69660686E-01  2.06879191E-02  1.17531265E-04
2.70929677E-01  2.07372569E-02  1.18957345E-04
2.72198669E-01  2.08228528E-02  1.17049334E-04
2.73467660E-01  2.07268260E-02  1.16389980E-04
2.74736652E-01  2.06432063E-02  1.18867865E-04
2.76005643E-01  2.05263756E-02  1.13547780E-04
2.77274635E-01  2.06275359E-02  1.15202369E-04
2.78543626E-01  2.04841010E-02  1.15135408E-04
2.79812618E-01  2.06670258E-02  1.14552713E-04
2.81081609E-01  2.04625838E-02  1.16363386E-04
2.82350600E-01  2.05531046E-02  1.12730275E-04
2.83619592E-01  2.04589330E-02  1.13662201E-04
2.84888583E-01  2.06814930E-02  1.13334274E-04
2.86157575E-01  2.05321349E-02  1.14062299E-04
2.87426566E-01  2.05626749E-02  1.13921727E-04
2.88695558E-01  2.05116421E-02  1.11794390E-04
2.89964549E-01  2.03477349E-02  1.13003523E-04
2.91233541E-01  2.05214843E-02  1.11430221E-04
2.92502532E-01  2.07044128E-02  1.12017304E-04
2.93771524E-01  2.09196098E-02  1.13701375E-04
2.95040515E-01  2.06238106E-02  1.13629540E-04
2.96309507E-01  2.06344910E-02  1.15947521E-04
2.97578498E-01  2.09535770E-02  1.14608090E-04
2.98847489E-01  2.07724422E-02  1.14741080E-04
3.00116481E-01  2.08591670E-02  1.15042276E-04
3.01385472E-01  2.08079945E-02  1.15105286E-04
3.02654464E-01  2.09481325E-02  1.18526164E-04
3.03923455E-01  2.08509676E-02  1.13449743E-04
3.05192447E-01  2.10149623E-02  1.17422765E-04
3.06461438E-01  2.10422073E-02  1.16308802E-04
3.07730430E-01  2.09549554E-02  1.15502298E-04
3.08999421E-01  2.10651308E-02  1.16068833E-04
3.10268413E-01  2.10735332E-02  1.15280505E-04
3.11537404E-01  2.10537948E-02  1.18124532E-04
3.12806396E-01  2.09933557E-02  1.15439936E-04
3.14075387E-01  2.10965257E-02  1.18132193E-04
3.15344378E-01  2.12351624E-02  1.14688824E-04
3.16613370E-01  2.11128946E-02  1.17174233E-04
3.17882361E-01  2.10844241E-02  1.16837575E-04
3.19151353E-01  2.11478975E-02  1.15056580E-04
3.20420344E-01  2.12558694E-02  1.16837749E-04
3.21689336E-01  2.13113911E-02  1.18307209E-04
3.22958327E-01  2.11556517E-02  1.18599317E-04
3.24227319E-01  2.11069230E-02  1.18916912E-04
3.25496310E-01  2.11026017E-02  1.17938107E-04
3.26765302E-01  2.09791977E-02  1.19407407E-04
3.28034293E-01  2.12645810E-02  1.19167264E-04
3.29303285E-01  2.12460998E-02  1.20459139E-04
3.30572276E-01  2.11245790E-02  1.19028802E-04
3.31841267E-01  2.12639906E-02  1.18777934E-04
3.33110259E-01  2.15156041E-02  1.23366059E-04
3.34379250E-01  2.13400610E-02  1.19666089E-04
3.35648242E-01  2.14919709E-02  1.23935184E-04
3.36917233E-01  2.12176498E-02  1.20020450E-04
3.38186225E-01  2.12539434E-02  1.20887380E-04
3.39455216E-01  2.13339962E-02  1.22576515E-04
3.40724208E-01  2.14311667E-02  1.20801291E-04
3.41993199E-01  2.11873241E-02  1.21515324E-04
3.43262191E-01  2.13493370E-02  1.21317353E-04
3.44531182E-01  2.13541258E-02  1.22858182E-04
3.45800174E-01  2.15040334E-02  1.23551174E-04
3.47069165E-01  2.13284753E-02  1.20117140E-04
3.48338156E-01  2.13078260E-02  1.22817190E-04
3.49607148E-01  2.14976855E-02  1.20767450E-04
3.50876139E-01  2.12771744E-02  1.22418875E-04
3.52145131E-01  2.11221408E-02  1.20204386E-04
3.53414122E-01  2.10371129E-02  1.20335877E-04
3.54683114E-01  2.13556327E-02  1.21042365E-04
3.55952105E-01  2.12896131E-02  1.21570323E-04
3.57221097E-01  2.12452300E-02  1.21356585E-04
3.58490088E-01  2.14428343E-02  1.21122866E-04
3.59759080E-01  2.12893914E-02  1.21728597E-04
3.61028071E-01  2.11602524E-02  1.20767334E-04
3.62297063E-01  2.12175231E-02  1.21859717E-04
3.63566054E-01  2.13187169E-02  1.23556005E-04
3.64835046E-01  2.11775154E-02  1.20263256E-04
3.66104037E-01  2.12816801E-02  1.23673846E-04
3.67373028E-01  2.14327760E-02  1.20667639E-04
3.68642020E-01  2.11132430E-02  1.22301004E-04
3.69911011E-01  2.09902842E-02  1.21412893E-04
3.71180003E-01  2.13616397E-02  1.22761106E-04
3.72448994E-01  2.08354853E-02  1.23890364E-04
3.73717986E-01  2.14630682E-02  1.21382916E-04
3.74986977E-01  2.12198179E-02  1.23599326E-04
3.76255969E-01  2.13436149E-02  1.22735859E-04
3.77524960E-01  2.11153943E-02  1.22945377E-04
3.78793952E-01  2.14039702E-02  1.24571379E-04
3.80062943E-01  2.13127173E-02  1.21309029E-04
3.81331935E-01  2.10749954E-02  1.24487662E-04
3.82600926E-01  2.12540515E-02  1.24552884E-04
3.83869917E-01  2.15112977E-02  1.27116538E-04
3.85138909E-01  2.13260315E-02  1.28984102E-04
3.86407900E-01  2.14075223E-02  1.27473933E-04
3.87676892E-01  2.10563745E-02  1.33165522E-04
3.88945883E-01  2.12466531E-02  1.29261432E-04
3.90214875E-01  2.12739967E-02  1.31144028E-04
3.91483866E-01  2.12746747E-02  1.33027119E-04
3.92752858E-01  2.14195233E-02  1.33235008E-04
3.94021849E-01  2.13375054E-02  1.34717644E-04
3.95290841E-01  2.12539490E-02  1.33580979E-04
3.96559832E-01  2.12439541E-02  1.36041926E-04
3.97828824E-01  2.13603340E-02  1.38069183E-04
3.99097815E-01  2.11842358E-02  1.40315286E-04
4.00366806E-01  2.13008989E-02  1.42980178E-04
4.01635798E-01  2.13827603E-02  1.46993916E-04
4.02904789E-01  2.12343875E-02  1.50509935E-04
4.04173781E-01  2.11704914E-02  1.46484730E-04
4.05442772E-01  2.12152582E-02  1.51167682E-04
4.06711764E-01  2.14499161E-02  1.51857341E-04
4.07980755E-01  2.12199204E-02  1.55909365E-04
4.09249747E-01  2.10896935E-02  1.57665199E-04
4.10518738E-01  2.12629326E-02  1.56069262E-04
4.11787730E-01  2.13043652E-02  1.62968267E-04
4.13056721E-01  2.12827008E-02  1.60071955E-04
4.14325713E-01  2.12601982E-02  1.64331432E-04
4.15594704E-01  2.13879608E-02  1.64137673E-04
4.16863695E-01  2.13200860E-02  1.68194223E-04
4.18132687E-01  2.08812952E-02  1.71598978E-04
4.19401678E-01  2.15064399E-02  1.67736478E-04
4.20670670E-01  2.10010894E-02  1.72966887E-04
4.21939661E-01  2.11429857E-02  1.73957131E-04
4.23208653E-01  2.15275511E-02  1.79618684E-04
4.24477644E-01  2.16706097E-02  1.79613038E-04
4.25746636E-01  2.14138534E-02  1.79265422E-04
4.27015627E-01  2.14126147E-02  1.85570258E-04
4.28284619E-01  2.13966835E-02  1.83751763E-04
4.29553610E-01  2.08334737E-02  1.88008591E-04
4.30822602E-01  2.11821068E-02  1.85969708E-04
4.32091593E-01  2.12878548E-02  1.93312706E-04
4.33360584E-01  2.10520923E-02  1.92948806E-04
4.34629576E-01  2.12855879E-02  1.96086781E-04
4.35898567E-01  2.13485416E-02  2.00603943E-04
4.37167559E-01  2.14239061E-02  1.97497895E-04
4.38436550E-01  2.12478787E-02  2.13520558E-04
4.39705542E-01  2.14151628E-02  2.02781448E-04
4.40974533E-01  2.11397205E-02  2.08371057E-04
4.42243525E-01  2.14107148E-02  2.17732595E-04
4.43512516E-01  2.15454809E-02  2.09208316E-04
4.44781508E-01  2.13328023E-02  2.22659932E-04
4.46050499E-01  2.08080262E-02  2.15701060E-04
4.47319491E-01  2.15522405E-02  2.26436838E-04
4.48588482E-01  2.09895223E-02  2.30771650E-04
4.49857473E-01  2.14483049E-02  2.28441233E-04
4.51126465E-01  2.11561117E-02  2.35285843E-04
4.52395456E-01  2.14087162E-02  2.39254761E-04
4.53664448E-01  2.13734619E-02  2.42545575E-04
4.54933439E-01  2.12407615E-02  2.44286435E-04
4.56202431E-01  2.13780385E-02  2.58028012E-04
4.57471422E-01  2.09216140E-02  2.51254358E-04
4.58740414E-01  2.16418058E-02  2.61326379E-04
4.60009405E-01  2.14731395E-02  2.66739808E-04
4.61278397E-01  2.11090203E-02  2.69007869E-04
4.62547388E-01  2.14203727E-02  2.75397906E-04
4.63816380E-01  2.13830732E-02  2.86923110E-04
4.65085371E-01  2.12431494E-02  2.86597176E-04
4.66354363E-01  2.16132589E-02  2.97986757E-04
4.67623354E-01  2.16229074E-02  3.03757173E-04
4.68892345E-01  2.15077493E-02  3.07698501E-04
4.70161337E-01  2.15660799E-02  3.25794914E-04
4.71430328E-01  2.11566426E-02  3.19538231E-04
4.72699320E-01  2.09178757E-02  3.38256592E-04
4.73968311E-01  2.16439422E-02  3.50847229E-04
4.75237303E-01  2.17841230E-02  3.59235564E-04
4.76506294E-01  2.17016973E-02  3.70557857E-04
4.77775286E-01  2.15820279E-02  3.88268440E-04
4.79044277E-01  2.13234387E-02  4.00207937E-04
4.80313269E-01  2.16931067E-02  4.15062153E-04
4.81582260E-01  2.25668997E-02  4.52689215E-04
4.82851252E-01  2.15857625E-02  4.38903604E-04
4.84120243E-01  2.24356912E-02  4.88445337E-04
4.85389234E-01  2.11755950E-02  4.85747732E-04
4.86658226E-01  2.17257515E-02  5.08297002E-04
4.87927217E-01  2.18201578E-02  5.37381507E-04
4.89196209E-01  2.18182001E-02  5.88453026E-04
4.90465200E-01  2.17020884E-02  5.99651481E-04
4.91734192E-01  2.25148760E-02  6.73827832E-04
4.93003183E-01  2.28097253E-02  7.45079073E-04
4.94272175E-01  2.36441195E-02  7.98664812E-04
4.95541166E-01  2.39401571E-02  8.75853759E-04
4.96810158E-01  2.36136839E-02  9.33139701E-04
4.98079149E-01  2.29133628E-02  1.01542240E-03
4.99348141E-01  2.30971035E-02  1.04126357E-03
5.00617132E-01  2.22942121E-02  1.17801898E-03
5.01886123E-01  2.22963486E-02  1.17494166E-03
5.03155115E-01  2.33289897E-02  1.45183643E-03
5.04424106E-01  2.26729326E-02  1.51453412E-03
5.05693098E-01  2.36135554E-02  1.95380021E-03
5.06962089E-01  2.14013997E-02  2.06882367E-03
5.08231081E-01  2.45609321E-02  4.48190514E-03
5.09500072E-01  0.00000000E+00  0.00000000E+00
5.10769064E-01  0.00000000E+00  0.00000000E+00
5.12038055E-01  0.00000000E+00  0.00000000E+00
5.13307047E-01  0.00000000E+00  0.00000000E+00


### HEADER:
#
#{
#    "analysis": {},
#    "calibration_params": {
#        "Beam_Center_X": 316.5,
#        "Beam_Center_Y": 253.5,
#        "Detector Tilt": 0.0,
#        "Detector Tilt Plane Rotation": 0.0,
#        "Detector_X_Pixel_Size": 172.0,
#        "Detector_Y_Pixel_Size": 172.0,
#        "Integration Method": "nosplit_csr",
#        "Radial_Average_Method": "pyFAI",
#        "Sample-to-detector distance (mm)": 632.5,
#        "Wavelength (A)": 1.3403697127913543
#    },
#    "config_file": null,
#    "filename": "A_11798_A1_Phosphate_0.tiff",
#    "history": {
#        "averaged_files": [
#            [
#                "11798_A1_Phosphate_000_c.tiff"
#            ],
#            [
#                "11798_A1_Phosphate_001_c.tiff"
#            ],
#            [
#                "11798_A1_Phosphate_002_c.tiff"
#            ],
#            [
#                "11798_A1_Phosphate_003_c.tiff"
#            ],
#            [
#                "11798_A1_Phosphate_004_c.tiff"
#            ],
#            [
#                "11798_A1_Phosphate_005_c.tiff"
#            ],
#            [
#                "11798_A1_Phosphate_006_c.tiff"
#            ],
#            [
#                "11798_A1_Phosphate_007_c.tiff"
#            ],
#            [
#                "11798_A1_Phosphate_008_c.tiff"
#            ],
#            [
#                "11798_A1_Phosphate_009_c.tiff"
#            ]
#        ]
#    },
#    "imageHeader": {
#        "Img.ImgType": "2D",
#        "Img.Site": "TUM",
#        "Meas.Description": "Phosphate",
#        "beam_x": 316.33,
#        "beam_y": 231.94,
#        "beamcenter_actual": "316.33    231.94",
#        "beamcenter_nominal": "316.33    231.94",
#        "bstop": 32.0,
#        "calibrationtype": "geom",
#        "configuraton_number": 2.0,
#        "data_added_constant": 0.0,
#        "data_multiplied_constant": 1.0,
#        "dataset_comments": "Phosphate",
#        "datatype": "tiff",
#        "det_count_cutoff": 1147717.0,
#        "det_excluded_pixels": "badpix_mask.tif",
#        "det_exposure_period": 62.0,
#        "det_exposure_time": 60.0,
#        "det_flat_field": "(nil)",
#        "det_n_excluded_pixels": 30.0,
#        "det_pixel_size": "172e-6 172e-6",
#        "det_tau": 0.0,
#        "det_thickness": 0.00045,
#        "det_threshold_setting": 4024.0,
#        "det_trim_directory": "p3-0242_E8048_T4024.bin",
#        "detector_dist": 650.0,
#        "detector_function": "saxs",
#        "detector_sn": "dec1174",
#        "detectortype": "Pilatus",
#        "detx": 525.0,
#        "dety": 1.371563,
#        "detz": 0.0,
#        "dxdont": 525.0,
#        "error_norm_fact": 1.0,
#        "exposure_time": 60.0,
#        "flatfield_applied": 0.0,
#        "hg1": 2.5,
#        "hg2": 1.05,
#        "hg3": 0.0,
#        "hp1": 0.0,
#        "hp2": 0.0,
#        "hp3": 0.0,
#        "integration_time": 60.0,
#        "livetime": 60.0,
#        "log": "log",
#        "pd": 0.0,
#        "photons_per_100adu": 100.0,
#        "pixelsize": "0.172 0.172",
#        "pixelsize_x": 172.0,
#        "pixelsize_y": 172.0,
#        "reduction_type": "s",
#        "sample_angle1": 0.0,
#        "sample_bio_cell_temp": 25.0,
#        "sample_bio_code": "None",
#        "sample_bio_run_number": 1.0,
#        "sample_bio_uv_dark": 1.0,
#        "sample_bio_uv_pathlength": 1.5,
#        "sample_bio_uv_trans": 1.0,
#        "sample_concentration": 1.0,
#        "sample_transfact": 1.0,
#        "sample_ypos": 2.5,
#        "sample_zpos": 68.9,
#        "saturated_value": 1147717.0,
#        "saxsconf_Ieff": 1.0,
#        "saxsconf_det_offx": 0.0,
#        "saxsconf_det_offy": 0.0,
#        "saxsconf_det_pixsizey": 0.172,
#        "saxsconf_det_pixsizez": 0.172,
#        "saxsconf_det_rotx": 0.0,
#        "saxsconf_det_roty": 0.0,
#        "saxsconf_dwavelength": 0.004,
#        "saxsconf_l1": 725.0,
#        "saxsconf_l2": 400.0,
#        "saxsconf_l3": 200.0,
#        "saxsconf_r1": 1.25,
#        "saxsconf_r2": 0.525,
#        "saxsconf_r3": 0.0,
#        "saxsconf_wavelength": 1.3428,
#        "solz": 0.0,
#        "source_kV": 0.0,
#        "source_ma": 0.0,
#        "source_type": "EXCILLUMMETALJET",
#        "thsam": 0.0,
#        "vg1": 2.5,
#        "vg2": 1.05,
#        "vg3": 0.0,
#        "vp1": 0.0,
#        "vp2": 0.0,
#        "vp3": 0.0,
#        "wavelength": 1.3428,
#        "xaxisbintype": "lin",
#        "zinger_removal": 0.0,
#        "zsam": 68.9
#    },
#    "normalizations": {
#        "Absolute_scale": {
#            "Absolute_scale_factor": 0.7601938,
#            "Method": "Water"
#        },
#        "Counter_norms": [
#            [
#                "/",
#                "exposure_time"
#            ],
#            [
#                "/",
#                "saxsconf_Izero/1e8"
#            ]
#        ],
#        "Polarization": {
#            "Used": false
#        },
#        "Solid_Angle_Correction": "On"
#    },
#    "raw_version": "2.1.4"
#}

