### DATA:
#
# 393
#      Q             I(Q)           Error     
1.58623933E-02  5.85221350E-01  5.34409704E-03
1.71313847E-02  3.35284948E-01  3.77201173E-03
1.84003762E-02  2.30608240E-01  3.19857593E-03
1.96693677E-02  1.75603837E-01  2.67234608E-03
2.09383591E-02  1.42500669E-01  2.45910208E-03
2.22073506E-02  1.16375990E-01  1.94582564E-03
2.34763421E-02  9.53033045E-02  1.82267267E-03
2.47453335E-02  8.56641009E-02  1.66945008E-03
2.60143250E-02  7.29669780E-02  1.46906765E-03
2.72833164E-02  6.65667728E-02  1.47165044E-03
2.85523079E-02  5.81974089E-02  1.19167950E-03
2.98212994E-02  5.20380661E-02  1.20466226E-03
3.10902908E-02  4.91886586E-02  1.12403696E-03
3.23592823E-02  4.35379744E-02  1.05750724E-03
3.36282738E-02  4.07756567E-02  9.97499679E-04
3.48972652E-02  3.74442413E-02  8.81834712E-04
3.61662567E-02  3.64924632E-02  8.99746665E-04
3.74352481E-02  3.37389857E-02  8.46122915E-04
3.87042396E-02  3.13437432E-02  8.24549876E-04
3.99732311E-02  2.98103783E-02  7.62865471E-04
4.12422225E-02  2.77817715E-02  7.22152763E-04
4.25112140E-02  2.59151198E-02  7.04277598E-04
4.37802055E-02  2.43851896E-02  6.63926767E-04
4.50491969E-02  2.30657812E-02  6.45717897E-04
4.63181884E-02  2.29394268E-02  6.21575513E-04
4.75871798E-02  2.06812248E-02  5.84953406E-04
4.88561713E-02  2.11501680E-02  6.18594990E-04
5.01251628E-02  1.96269322E-02  5.39598288E-04
5.13941542E-02  1.93778835E-02  5.31549507E-04
5.26631457E-02  1.72358211E-02  5.13414911E-04
5.39321372E-02  1.73348933E-02  5.07005258E-04
5.52011286E-02  1.67555325E-02  5.18321584E-04
5.64701201E-02  1.63901411E-02  4.59554489E-04
5.77391115E-02  1.61383357E-02  4.83300188E-04
5.90081030E-02  1.58122554E-02  4.66885773E-04
6.02770945E-02  1.46095380E-02  4.48293140E-04
6.15460859E-02  1.41029293E-02  4.32348315E-04
6.28150774E-02  1.43428976E-02  4.18422918E-04
6.40840689E-02  1.36678731E-02  4.34581831E-04
6.53530603E-02  1.29086887E-02  3.96099698E-04
6.66220518E-02  1.30842812E-02  4.07277141E-04
6.78910432E-02  1.34188393E-02  3.83837527E-04
6.91600347E-02  1.16699198E-02  3.69703892E-04
7.04290262E-02  1.20374784E-02  3.81194201E-04
7.16980176E-02  1.14340903E-02  3.55188095E-04
7.29670091E-02  1.06433742E-02  3.43166961E-04
7.42360006E-02  1.05278213E-02  3.38943209E-04
7.55049920E-02  1.06871501E-02  3.40770319E-04
7.67739835E-02  1.04989959E-02  3.42385465E-04
7.80429750E-02  1.03671644E-02  3.20218620E-04
7.93119664E-02  9.91679076E-03  3.23081505E-04
8.05809579E-02  9.45190061E-03  3.09701136E-04
8.18499493E-02  9.61655006E-03  3.13610246E-04
8.31189408E-02  9.09980386E-03  3.14223376E-04
8.43879323E-02  8.68883636E-03  2.86914816E-04
8.56569237E-02  8.34049471E-03  2.81307031E-04
8.69259152E-02  8.29126686E-03  2.81457906E-04
8.81949067E-02  8.47223029E-03  2.83776404E-04
8.94638981E-02  7.84949306E-03  2.79165397E-04
9.07328896E-02  7.83811044E-03  2.67891999E-04
9.20018810E-02  7.27193709E-03  2.62740476E-04
9.32708725E-02  7.40146916E-03  2.60821893E-04
9.45398640E-02  6.71309046E-03  2.47293181E-04
9.58088554E-02  7.10115070E-03  2.53209146E-04
9.70778469E-02  6.48419326E-03  2.40821479E-04
9.83468384E-02  6.16562087E-03  2.43042465E-04
9.96158298E-02  6.48784358E-03  2.35746775E-04
1.00884821E-01  5.83683746E-03  2.29683545E-04
1.02153813E-01  6.12438377E-03  2.35319458E-04
1.03422804E-01  5.80065185E-03  2.23053328E-04
1.04691796E-01  6.36478281E-03  2.38439534E-04
1.05960787E-01  5.64912288E-03  2.18432615E-04
1.07229779E-01  5.92026906E-03  2.24803400E-04
1.08498770E-01  5.56915067E-03  2.18683912E-04
1.09767762E-01  5.82439126E-03  2.21224691E-04
1.11036753E-01  5.53534040E-03  2.22449962E-04
1.12305744E-01  5.39204339E-03  2.08549085E-04
1.13574736E-01  5.60871139E-03  2.23802504E-04
1.14843727E-01  5.36457635E-03  2.18173678E-04
1.16112719E-01  5.13018714E-03  2.17899520E-04
1.17381710E-01  5.21024689E-03  2.21884984E-04
1.18650702E-01  4.83194692E-03  2.07746110E-04
1.19919693E-01  4.97160945E-03  2.11796039E-04
1.21188685E-01  5.10222977E-03  2.15261651E-04
1.22457676E-01  4.99651069E-03  2.13400039E-04
1.23726668E-01  4.97463113E-03  2.15068532E-04
1.24995659E-01  5.36546530E-03  2.14958389E-04
1.26264651E-01  4.99654002E-03  2.19278576E-04
1.27533642E-01  5.02277864E-03  2.21282782E-04
1.28802633E-01  4.74595977E-03  2.15658103E-04
1.30071625E-01  5.11114858E-03  2.25027397E-04
1.31340616E-01  4.92752437E-03  2.25187352E-04
1.32609608E-01  4.78990329E-03  2.26340329E-04
1.33878599E-01  4.55231359E-03  2.13474559E-04
1.35147591E-01  4.62894421E-03  2.21386494E-04
1.36416582E-01  4.86004679E-03  2.30522302E-04
1.37685574E-01  4.74672765E-03  2.26529810E-04
1.38954565E-01  4.73360484E-03  2.32878636E-04
1.40223557E-01  4.50695353E-03  2.15217733E-04
1.41492548E-01  4.60616173E-03  2.29292011E-04
1.42761540E-01  4.28395299E-03  2.26889519E-04
1.44030531E-01  4.42065531E-03  2.23812196E-04
1.45299522E-01  4.78562294E-03  2.33999031E-04
1.46568514E-01  4.58708685E-03  2.23582421E-04
1.47837505E-01  4.59169364E-03  2.23574621E-04
1.49106497E-01  4.69193375E-03  2.20231654E-04
1.50375488E-01  4.57700295E-03  2.19153240E-04
1.51644480E-01  4.51983651E-03  2.14617088E-04
1.52913471E-01  4.55547962E-03  2.14028245E-04
1.54182463E-01  4.59447363E-03  2.12048282E-04
1.55451454E-01  4.52790363E-03  2.08617945E-04
1.56720446E-01  4.34927968E-03  2.04786571E-04
1.57989437E-01  4.47823061E-03  2.10635699E-04
1.59258429E-01  4.64069238E-03  2.12786239E-04
1.60527420E-01  4.22198279E-03  2.05268458E-04
1.61796411E-01  4.37690737E-03  1.92661595E-04
1.63065403E-01  4.38314350E-03  1.95322966E-04
1.64334394E-01  3.95126967E-03  1.90075181E-04
1.65603386E-01  4.48884536E-03  1.94014516E-04
1.66872377E-01  4.08498710E-03  1.92299587E-04
1.68141369E-01  4.42960532E-03  1.82218893E-04
1.69410360E-01  4.15229844E-03  1.82610413E-04
1.70679352E-01  4.02249955E-03  1.80894902E-04
1.71948343E-01  4.24771523E-03  1.81203126E-04
1.73217335E-01  4.18119691E-03  1.81433439E-04
1.74486326E-01  4.18756250E-03  1.77570284E-04
1.75755318E-01  4.20421781E-03  1.79501731E-04
1.77024309E-01  4.10280097E-03  1.77576643E-04
1.78293300E-01  4.28992603E-03  1.73562090E-04
1.79562292E-01  4.26831422E-03  1.75486100E-04
1.80831283E-01  4.33312077E-03  1.73553795E-04
1.82100275E-01  3.83246643E-03  1.68651386E-04
1.83369266E-01  3.90193635E-03  1.71865511E-04
1.84638258E-01  4.13451390E-03  1.68186481E-04
1.85907249E-01  3.87642253E-03  1.67239632E-04
1.87176241E-01  3.91851598E-03  1.66772603E-04
1.88445232E-01  4.14974196E-03  1.68153972E-04
1.89714224E-01  3.90361366E-03  1.63092685E-04
1.90983215E-01  4.16542310E-03  1.68713173E-04
1.92252207E-01  4.17085178E-03  1.64494806E-04
1.93521198E-01  4.12422558E-03  1.65320831E-04
1.94790190E-01  3.79270292E-03  1.57011702E-04
1.96059181E-01  3.84695758E-03  1.59196206E-04
1.97328172E-01  3.95326503E-03  1.61513599E-04
1.98597164E-01  4.05087182E-03  1.62505385E-04
1.99866155E-01  3.98646202E-03  1.60658819E-04
2.01135147E-01  3.98815842E-03  1.58068055E-04
2.02404138E-01  4.00045188E-03  1.56142283E-04
2.03673130E-01  3.79160279E-03  1.54831956E-04
2.04942121E-01  3.72321531E-03  1.56312468E-04
2.06211113E-01  3.78189026E-03  1.53225948E-04
2.07480104E-01  3.83632118E-03  1.53098357E-04
2.08749096E-01  3.79300420E-03  1.55444475E-04
2.10018087E-01  3.70874978E-03  1.53295478E-04
2.11287079E-01  3.97199951E-03  1.51620799E-04
2.12556070E-01  3.83276097E-03  1.49048938E-04
2.13825061E-01  3.89447249E-03  1.52173423E-04
2.15094053E-01  3.63910757E-03  1.49573185E-04
2.16363044E-01  3.73809808E-03  1.51123211E-04
2.17632036E-01  3.81708751E-03  1.48844760E-04
2.18901027E-01  3.84582602E-03  1.49394633E-04
2.20170019E-01  3.70534719E-03  1.47344850E-04
2.21439010E-01  3.82085727E-03  1.48668754E-04
2.22708002E-01  3.61097464E-03  1.44635313E-04
2.23976993E-01  4.01943084E-03  1.48873485E-04
2.25245985E-01  4.06236434E-03  1.48601714E-04
2.26514976E-01  3.70959146E-03  1.45662212E-04
2.27783968E-01  4.10744781E-03  1.47933853E-04
2.29052959E-01  4.01969580E-03  1.46984370E-04
2.30321950E-01  3.88745754E-03  1.42855264E-04
2.31590942E-01  3.98715911E-03  1.47456114E-04
2.32859933E-01  3.94966081E-03  1.45220940E-04
2.34128925E-01  3.89187038E-03  1.42314297E-04
2.35397916E-01  3.76724428E-03  1.39117328E-04
2.36666908E-01  3.69185139E-03  1.41655997E-04
2.37935899E-01  3.59383761E-03  1.42080025E-04
2.39204891E-01  3.65487859E-03  1.37932235E-04
2.40473882E-01  3.81250470E-03  1.42066259E-04
2.41742874E-01  3.73033062E-03  1.39722455E-04
2.43011865E-01  3.69750033E-03  1.39316442E-04
2.44280857E-01  3.79374879E-03  1.40029690E-04
2.45549848E-01  3.80711420E-03  1.36780058E-04
2.46818839E-01  4.10417421E-03  1.40952397E-04
2.48087831E-01  3.86312534E-03  1.38003656E-04
2.49356822E-01  3.88789806E-03  1.39395284E-04
2.50625814E-01  3.90016660E-03  1.35317998E-04
2.51894805E-01  3.84719414E-03  1.36481758E-04
2.53163797E-01  3.90662299E-03  1.40005373E-04
2.54432788E-01  3.73804499E-03  1.35214286E-04
2.55701780E-01  3.89728392E-03  1.35749884E-04
2.56970771E-01  3.94529197E-03  1.34870541E-04
2.58239763E-01  3.79274320E-03  1.35000315E-04
2.59508754E-01  3.94635508E-03  1.36667280E-04
2.60777746E-01  3.92545806E-03  1.32826885E-04
2.62046737E-01  3.76937329E-03  1.35122711E-04
2.63315728E-01  3.72576853E-03  1.29247826E-04
2.64584720E-01  3.91242607E-03  1.35452676E-04
2.65853711E-01  3.92627250E-03  1.34996502E-04
2.67122703E-01  3.91684566E-03  1.29426757E-04
2.68391694E-01  3.77748185E-03  1.31837209E-04
2.69660686E-01  3.96582484E-03  1.32007088E-04
2.70929677E-01  3.92364338E-03  1.32938920E-04
2.72198669E-01  4.10685362E-03  1.32664718E-04
2.73467660E-01  3.79321282E-03  1.29274224E-04
2.74736652E-01  3.90079897E-03  1.34453454E-04
2.76005643E-01  3.68217588E-03  1.26930769E-04
2.77274635E-01  4.20759805E-03  1.32413581E-04
2.78543626E-01  3.83958197E-03  1.29545442E-04
2.79812618E-01  4.03036550E-03  1.29582855E-04
2.81081609E-01  3.63786076E-03  1.29479260E-04
2.82350600E-01  3.89217283E-03  1.26910541E-04
2.83619592E-01  3.95018142E-03  1.28972199E-04
2.84888583E-01  3.85291525E-03  1.26622195E-04
2.86157575E-01  3.95987090E-03  1.29555949E-04
2.87426566E-01  3.87064321E-03  1.28585758E-04
2.88695558E-01  3.95006966E-03  1.26354993E-04
2.89964549E-01  3.88675299E-03  1.27889914E-04
2.91233541E-01  3.79089429E-03  1.25294930E-04
2.92502532E-01  4.03647963E-03  1.27032792E-04
2.93771524E-01  4.13840218E-03  1.28774816E-04
2.95040515E-01  4.03716043E-03  1.28743748E-04
2.96309507E-01  3.97202792E-03  1.30967266E-04
2.97578498E-01  3.84492055E-03  1.28301850E-04
2.98847489E-01  3.93409189E-03  1.28651649E-04
3.00116481E-01  4.07383265E-03  1.30103057E-04
3.01385472E-01  4.09316923E-03  1.30410699E-04
3.02654464E-01  4.03683120E-03  1.33233698E-04
3.03923455E-01  3.77194420E-03  1.26312545E-04
3.05192447E-01  4.05101851E-03  1.32261659E-04
3.06461438E-01  3.91972624E-03  1.29384440E-04
3.07730430E-01  4.00414411E-03  1.29794498E-04
3.08999421E-01  3.68260569E-03  1.27905048E-04
3.10268413E-01  4.10238700E-03  1.29708322E-04
3.11537404E-01  3.92351719E-03  1.31844368E-04
3.12806396E-01  3.97673808E-03  1.29058768E-04
3.14075387E-01  3.98222217E-03  1.32305722E-04
3.15344378E-01  3.86396470E-03  1.27499821E-04
3.16613370E-01  4.00711922E-03  1.31482841E-04
3.17882361E-01  4.06716764E-03  1.30960645E-04
3.19151353E-01  3.72308632E-03  1.26979532E-04
3.20420344E-01  3.95036023E-03  1.30108849E-04
3.21689336E-01  4.28185379E-03  1.34145128E-04
3.22958327E-01  3.99378641E-03  1.33213325E-04
3.24227319E-01  4.20764461E-03  1.34740636E-04
3.25496310E-01  3.95817170E-03  1.31562992E-04
3.26765302E-01  4.02560923E-03  1.34426838E-04
3.28034293E-01  3.98840802E-03  1.33517373E-04
3.29303285E-01  4.09011031E-03  1.36310802E-04
3.30572276E-01  4.03851969E-03  1.33910944E-04
3.31841267E-01  3.94973764E-03  1.32905872E-04
3.33110259E-01  4.03424632E-03  1.38026036E-04
3.34379250E-01  4.07176604E-03  1.33880763E-04
3.35648242E-01  4.12319927E-03  1.38952746E-04
3.36917233E-01  4.08701738E-03  1.35079070E-04
3.38186225E-01  4.02216241E-03  1.35095062E-04
3.39455216E-01  4.05881600E-03  1.37056675E-04
3.40724208E-01  4.08197334E-03  1.34670016E-04
3.41993199E-01  4.17726533E-03  1.37476614E-04
3.43262191E-01  4.19232948E-03  1.36889517E-04
3.44531182E-01  4.12258320E-03  1.39074720E-04
3.45800174E-01  3.93257756E-03  1.37377676E-04
3.47069165E-01  3.96277569E-03  1.33618290E-04
3.48338156E-01  4.37661773E-03  1.40374934E-04
3.49607148E-01  4.04316699E-03  1.35224647E-04
3.50876139E-01  3.88874323E-03  1.36382092E-04
3.52145131E-01  4.23162105E-03  1.36579038E-04
3.53414122E-01  4.16258443E-03  1.36220566E-04
3.54683114E-01  4.11229674E-03  1.35324066E-04
3.55952105E-01  4.27095406E-03  1.37765514E-04
3.57221097E-01  4.24350798E-03  1.37578521E-04
3.58490088E-01  4.15280322E-03  1.35169961E-04
3.59759080E-01  4.02048323E-03  1.36627874E-04
3.61028071E-01  4.04013088E-03  1.36154631E-04
3.62297063E-01  4.58318042E-03  1.40483025E-04
3.63566054E-01  4.14273283E-03  1.39359108E-04
3.64835046E-01  4.02330980E-03  1.35231137E-04
3.66104037E-01  4.20378568E-03  1.39520183E-04
3.67373028E-01  4.06666193E-03  1.34604168E-04
3.68642020E-01  4.25901730E-03  1.39453594E-04
3.69911011E-01  4.23248764E-03  1.38162490E-04
3.71180003E-01  4.07578610E-03  1.38365824E-04
3.72448994E-01  4.30800626E-03  1.42802353E-04
3.73717986E-01  4.11970960E-03  1.36067640E-04
3.74986977E-01  4.10743477E-03  1.39699405E-04
3.76255969E-01  4.04208759E-03  1.37554263E-04
3.77524960E-01  4.09601768E-03  1.39007258E-04
3.78793952E-01  4.07036487E-03  1.39110984E-04
3.80062943E-01  4.13179817E-03  1.36745162E-04
3.81331935E-01  4.10821475E-03  1.41336015E-04
3.82600926E-01  4.40088985E-03  1.43180747E-04
3.83869917E-01  4.40749340E-03  1.45338694E-04
3.85138909E-01  4.38667880E-03  1.47912928E-04
3.86407900E-01  4.15596412E-03  1.43634883E-04
3.87676892E-01  4.24870104E-03  1.52623994E-04
3.88945883E-01  4.03311616E-03  1.43839323E-04
3.90214875E-01  4.38407250E-03  1.49468600E-04
3.91483866E-01  4.22199490E-03  1.51298911E-04
3.92752858E-01  4.42388747E-03  1.52638560E-04
3.94021849E-01  4.28245729E-03  1.52197754E-04
3.95290841E-01  4.46331874E-03  1.54183508E-04
3.96559832E-01  4.39320784E-03  1.55714879E-04
3.97828824E-01  4.25208686E-03  1.56005030E-04
3.99097815E-01  4.40146727E-03  1.61401433E-04
4.00366806E-01  4.21424862E-03  1.60549680E-04
4.01635798E-01  4.13034344E-03  1.65689940E-04
4.02904789E-01  4.39665699E-03  1.72710657E-04
4.04173781E-01  4.84331232E-03  1.72869200E-04
4.05442772E-01  4.43375157E-03  1.74342960E-04
4.06711764E-01  4.36959835E-03  1.73491557E-04
4.07980755E-01  4.18428844E-03  1.77371083E-04
4.09249747E-01  4.39095497E-03  1.81508731E-04
4.10518738E-01  4.39677946E-03  1.78828865E-04
4.11787730E-01  4.63828724E-03  1.90022969E-04
4.13056721E-01  4.24372172E-03  1.81735042E-04
4.14325713E-01  4.32277471E-03  1.86222940E-04
4.15594704E-01  4.38248506E-03  1.87323341E-04
4.16863695E-01  4.23660036E-03  1.89666098E-04
4.18132687E-01  4.63929866E-03  2.01268354E-04
4.19401678E-01  4.41309903E-03  1.90281513E-04
4.20670670E-01  4.57768328E-03  2.01632021E-04
4.21939661E-01  4.76463651E-03  2.04161901E-04
4.23208653E-01  4.34881449E-03  2.05424643E-04
4.24477644E-01  4.95146774E-03  2.08309590E-04
4.25746636E-01  4.38619452E-03  2.05323697E-04
4.27015627E-01  4.59084846E-03  2.15365042E-04
4.28284619E-01  4.17722343E-03  2.06896279E-04
4.29553610E-01  4.88385698E-03  2.23796815E-04
4.30822602E-01  4.35247459E-03  2.15084583E-04
4.32091593E-01  4.53013042E-03  2.23663141E-04
4.33360584E-01  4.55025490E-03  2.20807589E-04
4.34629576E-01  4.66100127E-03  2.28838951E-04
4.35898567E-01  4.39864863E-03  2.29352081E-04
4.37167559E-01  4.33845911E-03  2.23247393E-04
4.38436550E-01  4.54171468E-03  2.47641903E-04
4.39705542E-01  4.62156581E-03  2.34733991E-04
4.40974533E-01  4.89013875E-03  2.45551637E-04
4.42243525E-01  5.17816423E-03  2.61020468E-04
4.43512516E-01  4.48382460E-03  2.40052570E-04
4.44781508E-01  4.58263420E-03  2.58306303E-04
4.46050499E-01  4.87583689E-03  2.58244690E-04
4.47319491E-01  4.94728610E-03  2.63912312E-04
4.48588482E-01  5.08372672E-03  2.75196566E-04
4.49857473E-01  4.60228277E-03  2.63387949E-04
4.51126465E-01  4.89097973E-03  2.78319669E-04
4.52395456E-01  4.32613166E-03  2.72475620E-04
4.53664448E-01  4.92902286E-03  2.86001305E-04
4.54933439E-01  4.50965576E-03  2.79073196E-04
4.56202431E-01  5.30031556E-03  3.13621189E-04
4.57471422E-01  5.33460639E-03  3.07850627E-04
4.58740414E-01  4.36288910E-03  3.01589927E-04
4.60009405E-01  4.69145738E-03  3.10139003E-04
4.61278397E-01  4.85088117E-03  3.20238440E-04
4.62547388E-01  5.05624386E-03  3.28758149E-04
4.63816380E-01  5.32027893E-03  3.45308858E-04
4.65085371E-01  5.20749902E-03  3.44820728E-04
4.66354363E-01  5.09470515E-03  3.55383905E-04
4.67623354E-01  4.35915822E-03  3.45248351E-04
4.68892345E-01  4.69552819E-03  3.57834710E-04
4.70161337E-01  5.02690254E-03  3.88192333E-04
4.71430328E-01  4.78964578E-03  3.76771000E-04
4.72699320E-01  4.74093389E-03  3.98186734E-04
4.73968311E-01  4.38327435E-03  3.94833507E-04
4.75237303E-01  4.63533727E-03  4.14342911E-04
4.76506294E-01  4.42981347E-03  4.21342498E-04
4.77775286E-01  4.44407016E-03  4.45719896E-04
4.79044277E-01  4.11268603E-03  4.51227970E-04
4.80313269E-01  4.31609061E-03  4.79390437E-04
4.81582260E-01  4.41213930E-03  4.94272623E-04
4.82851252E-01  4.44630766E-03  5.06484590E-04
4.84120243E-01  5.06332517E-03  5.67028765E-04
4.85389234E-01  5.65228751E-03  6.00303407E-04
4.86658226E-01  4.55131102E-03  5.77636936E-04
4.87927217E-01  5.39929233E-03  6.37374062E-04
4.89196209E-01  4.12411895E-03  6.55668729E-04
4.90465200E-01  6.39872346E-03  7.76891131E-04
4.91734192E-01  4.56455117E-03  7.49165367E-04
4.93003183E-01  5.41297160E-03  8.50566430E-04
4.94272175E-01  6.48408430E-03  9.90253990E-04
4.95541166E-01  5.24064200E-03  1.02918909E-03
4.96810158E-01  5.41435881E-03  1.06772594E-03
4.98079149E-01  6.83873473E-03  1.30511296E-03
4.99348141E-01  5.13923541E-03  1.21382962E-03
5.00617132E-01  5.49910264E-03  1.43294875E-03
5.01886123E-01  4.27745562E-03  1.25974300E-03
5.03155115E-01  3.53090907E-03  1.46383757E-03
5.04424106E-01  3.47604114E-03  1.64696062E-03
5.05693098E-01  6.35673711E-03  2.24744598E-03
5.06962089E-01  6.95327763E-03  2.80954852E-03
5.08231081E-01  3.97365540E-03  3.97365540E-03
5.09500072E-01  0.00000000E+00  0.00000000E+00
5.10769064E-01  0.00000000E+00  0.00000000E+00
5.12038055E-01  0.00000000E+00  0.00000000E+00
5.13307047E-01  0.00000000E+00  0.00000000E+00


### HEADER:
#
#{
#    "analysis": {
#        "uvvis": {
#            "UVDarkTransmission": 1.0,
#            "UVPathlength": 1.5,
#            "UVTransmission": 1.0
#        }
#    },
#    "calibration_params": {
#        "Beam_Center_X": 316.5,
#        "Beam_Center_Y": 253.5,
#        "Detector Tilt": 0.0,
#        "Detector Tilt Plane Rotation": 0.0,
#        "Detector_X_Pixel_Size": 172.0,
#        "Detector_Y_Pixel_Size": 172.0,
#        "Integration Method": "nosplit_csr",
#        "Radial_Average_Method": "pyFAI",
#        "Sample-to-detector distance (mm)": 632.5,
#        "Wavelength (A)": 1.3403697127913543
#    },
#    "config_file": null,
#    "counters": {},
#    "filename": "11790_A1_MT_MQ_003_c.tiff",
#    "history": {},
#    "imageHeader": {
#        "AFTER": 324535240.0,
#        "BEFORE": 324535240.0,
#        "IC": 324535240.0,
#        "Img.ImgType": "2D",
#        "Img.Site": "TUM",
#        "Meas.Description": "MT_MQ",
#        "aquire_timestamp": "Wed Mar 01 08:52:12 2023",
#        "beam_x": 316.33,
#        "beam_y": 231.94,
#        "beamcenter_actual": "316.33    231.94",
#        "beamcenter_nominal": "316.33    231.94",
#        "bstop": 32.0,
#        "calibrationtype": "geom",
#        "configuraton_number": 2.0,
#        "data_added_constant": 0.0,
#        "data_multiplied_constant": 1.0,
#        "dataset_comments": "MT_MQ",
#        "datatype": "tiff",
#        "det_count_cutoff": 1147717.0,
#        "det_excluded_pixels": "badpix_mask.tif",
#        "det_exposure_period": 62.0,
#        "det_exposure_time": 60.0,
#        "det_flat_field": "(nil)",
#        "det_n_excluded_pixels": 30.0,
#        "det_pixel_size": "172e-6 172e-6",
#        "det_tau": 0.0,
#        "det_thickness": 0.00045,
#        "det_threshold_setting": 4024.0,
#        "det_trim_directory": "p3-0242_E8048_T4024.bin",
#        "detector_dist": 1425.0,
#        "detector_function": "saxs",
#        "detector_sn": "dec1174",
#        "detectortype": "Pilatus",
#        "detx": 1300.0,
#        "dety": 1.371563,
#        "detz": 0.0,
#        "dxdont": 525.0,
#        "error_norm_fact": 1.0,
#        "exposure_time": 60.0,
#        "flatfield_applied": 0.0,
#        "hg1": 2.5,
#        "hg2": 1.05,
#        "hg3": 0.0,
#        "hp1": 0.0,
#        "hp2": 0.0,
#        "hp3": 0.0,
#        "integration_time": 60.0,
#        "livetime": 60.0,
#        "log": "log",
#        "pd": 0.0,
#        "photons_per_100adu": 100.0,
#        "pixelsize": "0.172 0.172",
#        "pixelsize_x": 172.0,
#        "pixelsize_y": 172.0,
#        "reduction_type": "s",
#        "sample_ID": "p 4 10",
#        "sample_angle1": 0.0,
#        "sample_bio_cell_temp": 25.0,
#        "sample_bio_code": "None",
#        "sample_bio_run_number": 1.0,
#        "sample_bio_sample": "p 4 10",
#        "sample_bio_uv_dark": 1.0,
#        "sample_bio_uv_pathlength": 1.5,
#        "sample_bio_uv_trans": 1.0,
#        "sample_concentration": 1.0,
#        "sample_transfact": 1.0,
#        "sample_ypos": 2.5,
#        "sample_zpos": 68.9,
#        "saturated_value": 1147717.0,
#        "saxsconf_Ieff": 1.0,
#        "saxsconf_Imon": 324535240.0,
#        "saxsconf_Itrans": 324535240.0,
#        "saxsconf_Izero": 324535240.0,
#        "saxsconf_det_offx": 0.0,
#        "saxsconf_det_offy": 0.0,
#        "saxsconf_det_pixsizey": 0.172,
#        "saxsconf_det_pixsizez": 0.172,
#        "saxsconf_det_rotx": 0.0,
#        "saxsconf_det_roty": 0.0,
#        "saxsconf_dwavelength": 0.004,
#        "saxsconf_l1": 725.0,
#        "saxsconf_l2": 400.0,
#        "saxsconf_l3": 200.0,
#        "saxsconf_r1": 1.25,
#        "saxsconf_r2": 0.525,
#        "saxsconf_r3": 0.0,
#        "saxsconf_wavelength": 1.3428,
#        "solz": 0.0,
#        "source_kV": 0.0,
#        "source_ma": 0.0,
#        "source_type": "EXCILLUMMETALJET",
#        "start_timestamp": "Wed Mar 01 08:52:12 2023",
#        "thsam": 0.0,
#        "vg1": 2.5,
#        "vg2": 1.05,
#        "vg3": 0.0,
#        "vp1": 0.0,
#        "vp2": 0.0,
#        "vp3": 0.0,
#        "wavelength": 1.3428,
#        "xaxisbintype": "lin",
#        "zinger_removal": 0.0,
#        "zsam": 68.9
#    },
#    "load_path": "/home/saxslab/BIODATA/Users/Course_010323/P2/11790_A1_MT_MQ_003_c.tiff",
#    "normalizations": {
#        "Absolute_scale": {
#            "Absolute_scale_factor": 0.7601938,
#            "Method": "Water"
#        },
#        "Counter_norms": [
#            [
#                "/",
#                "exposure_time"
#            ],
#            [
#                "/",
#                "saxsconf_Izero/1e8"
#            ]
#        ],
#        "Polarization": {
#            "Used": false
#        },
#        "Solid_Angle_Correction": "On"
#    },
#    "raw_version": "2.1.4"
#}

