### DATA:
#
# 393
#      Q             I(Q)           Error     
1.58623933E-02  7.57581949E-01  8.59612972E-03
1.71313847E-02  4.00502980E-01  5.82831167E-03
1.84003762E-02  2.56261975E-01  4.76689124E-03
1.96693677E-02  1.83618054E-01  3.86328949E-03
2.09383591E-02  1.47666767E-01  3.53902299E-03
2.22073506E-02  1.16918139E-01  2.75731925E-03
2.34763421E-02  1.02278240E-01  2.66944035E-03
2.47453335E-02  9.17535275E-02  2.44263886E-03
2.60143250E-02  7.63187483E-02  2.12406646E-03
2.72833164E-02  7.46520162E-02  2.20328453E-03
2.85523079E-02  6.60361499E-02  1.79461960E-03
2.98212994E-02  6.10339418E-02  1.84443919E-03
3.10902908E-02  5.66264726E-02  1.70502893E-03
3.23592823E-02  5.33410832E-02  1.65483262E-03
3.36282738E-02  4.97476421E-02  1.55765901E-03
3.48972652E-02  4.86479700E-02  1.42102235E-03
3.61662567E-02  4.89945039E-02  1.47456059E-03
3.74352481E-02  4.64829020E-02  1.40406739E-03
3.87042396E-02  4.23570164E-02  1.35581440E-03
3.99732311E-02  4.10089791E-02  1.26556400E-03
4.12422225E-02  3.97696570E-02  1.22151535E-03
4.25112140E-02  3.68390679E-02  1.18835445E-03
4.37802055E-02  3.72495167E-02  1.16289861E-03
4.50491969E-02  3.61659043E-02  1.14651571E-03
4.63181884E-02  3.60266566E-02  1.10341946E-03
4.75871798E-02  3.32338065E-02  1.04884920E-03
4.88561713E-02  3.50105986E-02  1.12644210E-03
5.01251628E-02  3.37594524E-02  1.00030412E-03
5.13941542E-02  3.35179754E-02  9.88819753E-04
5.26631457E-02  3.49675119E-02  1.03428203E-03
5.39321372E-02  3.25778872E-02  9.83592356E-04
5.52011286E-02  3.19859572E-02  1.01401028E-03
5.64701201E-02  3.10645569E-02  8.94518103E-04
5.77391115E-02  3.11613120E-02  9.47769440E-04
5.90081030E-02  3.03947702E-02  9.15598823E-04
6.02770945E-02  3.02098189E-02  9.10024100E-04
6.15460859E-02  3.08243483E-02  9.03854088E-04
6.28150774E-02  3.21198665E-02  8.85072455E-04
6.40840689E-02  3.05109993E-02  9.15764540E-04
6.53530603E-02  3.11727207E-02  8.67916155E-04
6.66220518E-02  2.85358243E-02  8.49615200E-04
6.78910432E-02  2.91835479E-02  7.98992871E-04
6.91600347E-02  3.14515829E-02  8.50972021E-04
7.04290262E-02  2.81286966E-02  8.20238900E-04
7.16980176E-02  3.02036833E-02  8.12152575E-04
7.29670091E-02  2.94432640E-02  7.96915498E-04
7.42360006E-02  2.77872719E-02  7.71533058E-04
7.55049920E-02  2.91239824E-02  7.88844365E-04
7.67739835E-02  3.01060770E-02  8.15445092E-04
7.80429750E-02  2.94645652E-02  7.52774358E-04
7.93119664E-02  2.86841057E-02  7.66861136E-04
8.05809579E-02  3.02303378E-02  7.69832754E-04
8.18499493E-02  3.01024262E-02  7.72354426E-04
8.31189408E-02  3.14133801E-02  8.10528349E-04
8.43879323E-02  3.22208777E-02  7.65202160E-04
8.56569237E-02  3.42176817E-02  7.83768250E-04
8.69259152E-02  3.53121273E-02  8.00884853E-04
8.81949067E-02  3.75174470E-02  8.24209477E-04
8.94638981E-02  4.10994217E-02  8.74652935E-04
9.07328896E-02  4.95491959E-02  9.21217899E-04
9.20018810E-02  6.18148781E-02  1.03806285E-03
9.32708725E-02  8.00620094E-02  1.17094279E-03
9.45398640E-02  1.04223147E-01  1.30749668E-03
9.58088554E-02  1.29491135E-01  1.46357378E-03
9.70778469E-02  1.50703564E-01  1.55281997E-03
9.83468384E-02  1.67619720E-01  1.68677256E-03
9.96158298E-02  1.70836255E-01  1.62686442E-03
1.00884821E-01  1.65432304E-01  1.60094118E-03
1.02153813E-01  1.52650103E-01  1.56287022E-03
1.03422804E-01  1.29707128E-01  1.39028684E-03
1.04691796E-01  1.06314830E-01  1.30430469E-03
1.05960787E-01  8.47764984E-02  1.11135107E-03
1.07229779E-01  6.59599230E-02  9.91458190E-04
1.08498770E-01  5.55679090E-02  8.99774546E-04
1.09767762E-01  4.88086008E-02  8.43535876E-04
1.11036753E-01  4.30583134E-02  8.07973614E-04
1.12305744E-01  4.16920632E-02  7.50264735E-04
1.13574736E-01  3.92510034E-02  7.81277893E-04
1.14843727E-01  3.79615277E-02  7.48234626E-04
1.16112719E-01  3.64370123E-02  7.51317421E-04
1.17381710E-01  3.44915166E-02  7.38555857E-04
1.18650702E-01  3.39471027E-02  7.04175094E-04
1.19919693E-01  3.26598994E-02  6.95988012E-04
1.21188685E-01  3.36452872E-02  7.15036178E-04
1.22457676E-01  3.20747383E-02  6.98091055E-04
1.23726668E-01  3.11987698E-02  6.90745714E-04
1.24995659E-01  3.20100635E-02  6.87470369E-04
1.26264651E-01  3.12457960E-02  7.06300314E-04
1.27533642E-01  2.97092572E-02  6.83556311E-04
1.28802633E-01  3.01790442E-02  6.95097784E-04
1.30071625E-01  3.04800477E-02  7.16017734E-04
1.31340616E-01  2.93957088E-02  7.03668804E-04
1.32609608E-01  3.05517633E-02  7.31989974E-04
1.33878599E-01  3.07260174E-02  7.01021287E-04
1.35147591E-01  2.86465455E-02  7.02874910E-04
1.36416582E-01  2.84263194E-02  7.06674764E-04
1.37685574E-01  2.95780152E-02  7.21175980E-04
1.38954565E-01  2.81424876E-02  7.23973440E-04
1.40223557E-01  2.92519517E-02  6.89459965E-04
1.41492548E-01  2.87042446E-02  7.23032106E-04
1.42761540E-01  2.70745233E-02  7.05895247E-04
1.44030531E-01  2.95355245E-02  7.30199507E-04
1.45299522E-01  2.87135150E-02  7.29314401E-04
1.46568514E-01  2.75389180E-02  6.89318986E-04
1.47837505E-01  2.81532928E-02  6.99880591E-04
1.49106497E-01  2.75114905E-02  6.81836682E-04
1.50375488E-01  2.72275582E-02  6.77064701E-04
1.51644480E-01  2.75563411E-02  6.72864728E-04
1.52913471E-01  2.85581313E-02  6.68659108E-04
1.54182463E-01  2.90095080E-02  6.73713046E-04
1.55451454E-01  2.82467343E-02  6.58662873E-04
1.56720446E-01  2.71823481E-02  6.43896288E-04
1.57989437E-01  2.79552191E-02  6.61288504E-04
1.59258429E-01  2.90699471E-02  6.70959940E-04
1.60527420E-01  2.79062018E-02  6.44627085E-04
1.61796411E-01  2.75952946E-02  6.04031608E-04
1.63065403E-01  2.80878060E-02  6.17484853E-04
1.64334394E-01  2.82145496E-02  6.16254285E-04
1.65603386E-01  2.98537277E-02  6.27139874E-04
1.66872377E-01  2.74823774E-02  6.08148810E-04
1.68141369E-01  2.82705594E-02  5.75146812E-04
1.69410360E-01  2.87204161E-02  5.97035338E-04
1.70679352E-01  2.72049215E-02  5.81172178E-04
1.71948343E-01  2.91789193E-02  5.88759431E-04
1.73217335E-01  2.90999189E-02  5.90925745E-04
1.74486326E-01  2.87939608E-02  5.70972275E-04
1.75755318E-01  2.93403827E-02  5.87146613E-04
1.77024309E-01  2.86721177E-02  5.76325576E-04
1.78293300E-01  3.02490350E-02  5.67810144E-04
1.79562292E-01  3.07252277E-02  5.85792004E-04
1.80831283E-01  3.06676161E-02  5.75868937E-04
1.82100275E-01  3.08647919E-02  5.75729762E-04
1.83369266E-01  3.21231149E-02  5.97224571E-04
1.84638258E-01  3.08729373E-02  5.64973801E-04
1.85907249E-01  3.17271166E-02  5.78958716E-04
1.87176241E-01  3.30567583E-02  5.83999790E-04
1.88445232E-01  3.49830054E-02  6.00039726E-04
1.89714224E-01  3.70602384E-02  6.09430252E-04
1.90983215E-01  3.84345576E-02  6.28639478E-04
1.92252207E-01  4.13949899E-02  6.39729085E-04
1.93521198E-01  4.45867293E-02  6.67933200E-04
1.94790190E-01  5.05053997E-02  6.86782878E-04
1.96059181E-01  5.46970367E-02  7.25052552E-04
1.97328172E-01  5.73384948E-02  7.46104342E-04
1.98597164E-01  5.91471232E-02  7.58670678E-04
1.99866155E-01  5.84141836E-02  7.47488230E-04
2.01135147E-01  5.63751683E-02  7.18753028E-04
2.02404138E-01  5.24172969E-02  6.86617452E-04
2.03673130E-01  4.84132320E-02  6.65320782E-04
2.04942121E-01  4.45559546E-02  6.46009808E-04
2.06211113E-01  4.12891991E-02  6.06276619E-04
2.07480104E-01  3.75469029E-02  5.74996346E-04
2.08749096E-01  3.35746519E-02  5.53306250E-04
2.10018087E-01  3.25474292E-02  5.42002672E-04
2.11287079E-01  3.11950669E-02  5.20196336E-04
2.12556070E-01  3.00842822E-02  5.01470582E-04
2.13825061E-01  2.85351127E-02  4.99987451E-04
2.15094053E-01  2.83925775E-02  4.97416710E-04
2.16363044E-01  2.81719081E-02  4.96608438E-04
2.17632036E-01  2.66442057E-02  4.72679676E-04
2.18901027E-01  2.54636109E-02  4.64009936E-04
2.20170019E-01  2.70194374E-02  4.75833629E-04
2.21439010E-01  2.54195891E-02  4.63378907E-04
2.22708002E-01  2.48334873E-02  4.49710060E-04
2.23976993E-01  2.41661649E-02  4.46795806E-04
2.25245985E-01  2.47040335E-02  4.48749546E-04
2.26514976E-01  2.46982295E-02  4.51643777E-04
2.27783968E-01  2.46839356E-02  4.43320023E-04
2.29052959E-01  2.36804802E-02  4.33592912E-04
2.30321950E-01  2.26109196E-02  4.20876982E-04
2.31590942E-01  2.36323364E-02  4.40616423E-04
2.32859933E-01  2.36981418E-02  4.33041772E-04
2.34128925E-01  2.24870518E-02  4.18235402E-04
2.35397916E-01  2.32981462E-02  4.18322685E-04
2.36666908E-01  2.27061026E-02  4.21859528E-04
2.37935899E-01  2.27332860E-02  4.23034595E-04
2.39204891E-01  2.20381040E-02  4.03552636E-04
2.40473882E-01  2.18141284E-02  4.12449008E-04
2.41742874E-01  2.23155133E-02  4.11187269E-04
2.43011865E-01  2.20002756E-02  4.07544547E-04
2.44280857E-01  2.16422230E-02  4.05628438E-04
2.45549848E-01  2.22490318E-02  4.00359771E-04
2.46818839E-01  2.20070165E-02  4.06536099E-04
2.48087831E-01  2.15234701E-02  3.96795047E-04
2.49356822E-01  2.05426794E-02  3.91524372E-04
2.50625814E-01  2.13510543E-02  3.88677319E-04
2.51894805E-01  2.10457537E-02  3.89087189E-04
2.53163797E-01  2.21400801E-02  4.04945225E-04
2.54432788E-01  2.08240766E-02  3.83816630E-04
2.55701780E-01  2.11982355E-02  3.87857552E-04
2.56970771E-01  2.09514406E-02  3.81044607E-04
2.58239763E-01  2.09982172E-02  3.87785374E-04
2.59508754E-01  2.10845172E-02  3.88173066E-04
2.60777746E-01  2.12613139E-02  3.77311779E-04
2.62046737E-01  2.03427840E-02  3.82946891E-04
2.63315728E-01  2.10552718E-02  3.76509968E-04
2.64584720E-01  2.09602751E-02  3.83607112E-04
2.65853711E-01  2.09063441E-02  3.79559846E-04
2.67122703E-01  2.06765011E-02  3.64127802E-04
2.68391694E-01  2.07560305E-02  3.76105920E-04
2.69660686E-01  2.18125228E-02  3.80559446E-04
2.70929677E-01  2.07571704E-02  3.76353040E-04
2.72198669E-01  2.08193567E-02  3.70680267E-04
2.73467660E-01  1.98878814E-02  3.61208542E-04
2.74736652E-01  2.06370875E-02  3.76208511E-04
2.76005643E-01  2.05651205E-02  3.59878497E-04
2.77274635E-01  2.13951580E-02  3.71364906E-04
2.78543626E-01  2.03740839E-02  3.63173283E-04
2.79812618E-01  2.06344593E-02  3.62378079E-04
2.81081609E-01  2.09807251E-02  3.71963601E-04
2.82350600E-01  2.01863814E-02  3.53061652E-04
2.83619592E-01  2.01999675E-02  3.57831042E-04
2.84888583E-01  2.04526633E-02  3.57086217E-04
2.86157575E-01  2.10048351E-02  3.65317159E-04
2.87426566E-01  2.09236201E-02  3.63198138E-04
2.88695558E-01  2.07822714E-02  3.55967815E-04
2.89964549E-01  2.07199585E-02  3.60146369E-04
2.91233541E-01  2.04646122E-02  3.52432515E-04
2.92502532E-01  2.04977971E-02  3.52769624E-04
2.93771524E-01  2.11099386E-02  3.61233164E-04
2.95040515E-01  1.99134778E-02  3.54639022E-04
2.96309507E-01  2.05813777E-02  3.66020045E-04
2.97578498E-01  2.06583850E-02  3.60058446E-04
2.98847489E-01  1.97904818E-02  3.54991673E-04
3.00116481E-01  2.06719581E-02  3.61959595E-04
3.01385472E-01  2.08193287E-02  3.64240725E-04
3.02654464E-01  2.08335724E-02  3.73729592E-04
3.03923455E-01  2.11103708E-02  3.60576349E-04
3.05192447E-01  2.10670214E-02  3.72468407E-04
3.06461438E-01  2.15193778E-02  3.72654933E-04
3.07730430E-01  2.13187262E-02  3.69141955E-04
3.08999421E-01  2.10378245E-02  3.67744913E-04
3.10268413E-01  2.12286133E-02  3.65543761E-04
3.11537404E-01  2.15701833E-02  3.78143275E-04
3.12806396E-01  2.12595593E-02  3.67159402E-04
3.14075387E-01  2.18588747E-02  3.80082347E-04
3.15344378E-01  2.19936334E-02  3.68692970E-04
3.16613370E-01  2.11118348E-02  3.71539471E-04
3.17882361E-01  2.08824892E-02  3.68057837E-04
3.19151353E-01  2.19445955E-02  3.70066497E-04
3.20420344E-01  2.08413377E-02  3.66474706E-04
3.21689336E-01  2.04098579E-02  3.67637782E-04
3.22958327E-01  2.09090319E-02  3.73662246E-04
3.24227319E-01  2.11851485E-02  3.76545213E-04
3.25496310E-01  2.15883013E-02  3.77963152E-04
3.26765302E-01  2.17414293E-02  3.83950159E-04
3.28034293E-01  2.14711390E-02  3.78584809E-04
3.29303285E-01  2.08914280E-02  3.78284516E-04
3.30572276E-01  2.17110179E-02  3.82316124E-04
3.31841267E-01  2.14840304E-02  3.77569697E-04
3.33110259E-01  2.10448094E-02  3.86931875E-04
3.34379250E-01  2.22440921E-02  3.85686231E-04
3.35648242E-01  2.10783165E-02  3.90262285E-04
3.36917233E-01  2.14362722E-02  3.81813094E-04
3.38186225E-01  2.11505666E-02  3.81976803E-04
3.39455216E-01  2.16536000E-02  3.89839523E-04
3.40724208E-01  2.18608938E-02  3.85362626E-04
3.41993199E-01  2.13358421E-02  3.85534629E-04
3.43262191E-01  2.13092621E-02  3.84388986E-04
3.44531182E-01  2.08829436E-02  3.85806896E-04
3.45800174E-01  2.12450586E-02  3.88434681E-04
3.47069165E-01  2.05454063E-02  3.74131661E-04
3.48338156E-01  2.14637015E-02  3.90813540E-04
3.49607148E-01  2.23625321E-02  3.90172383E-04
3.50876139E-01  2.11399179E-02  3.86480271E-04
3.52145131E-01  2.17694994E-02  3.85473511E-04
3.53414122E-01  2.10847855E-02  3.80445155E-04
3.54683114E-01  2.08467022E-02  3.79611156E-04
3.55952105E-01  2.07942184E-02  3.81086633E-04
3.57221097E-01  2.15325747E-02  3.85911728E-04
3.58490088E-01  2.10115816E-02  3.80012236E-04
3.59759080E-01  2.11380906E-02  3.84264771E-04
3.61028071E-01  2.12525167E-02  3.83196981E-04
3.62297063E-01  2.05184892E-02  3.79894918E-04
3.63566054E-01  2.11415309E-02  3.90281581E-04
3.64835046E-01  2.10760683E-02  3.80544225E-04
3.66104037E-01  2.12970637E-02  3.91788111E-04
3.67373028E-01  2.12113913E-02  3.79830686E-04
3.68642020E-01  2.12950949E-02  3.88979650E-04
3.69911011E-01  2.07884945E-02  3.82306112E-04
3.71180003E-01  2.12811995E-02  3.89145454E-04
3.72448994E-01  2.07857434E-02  3.91890499E-04
3.73717986E-01  2.18051542E-02  3.86891363E-04
3.74986977E-01  2.07951348E-02  3.87958717E-04
3.76255969E-01  2.15805918E-02  3.90214787E-04
3.77524960E-01  2.08928864E-02  3.87287932E-04
3.78793952E-01  2.15525310E-02  3.95509909E-04
3.80062943E-01  2.10638791E-02  3.81603691E-04
3.81331935E-01  2.15612948E-02  3.97948461E-04
3.82600926E-01  2.14220900E-02  3.96556949E-04
3.83869917E-01  2.11878549E-02  3.99923621E-04
3.85138909E-01  2.04273462E-02  3.99501208E-04
3.86407900E-01  2.14201454E-02  4.03062993E-04
3.87676892E-01  2.11022850E-02  4.21501289E-04
3.88945883E-01  2.17216052E-02  4.14001086E-04
3.90214875E-01  2.10599285E-02  4.13433387E-04
3.91483866E-01  2.13607289E-02  4.21892095E-04
3.92752858E-01  2.04395913E-02  4.11897665E-04
3.94021849E-01  2.13069674E-02  4.26654471E-04
3.95290841E-01  2.08864175E-02  4.19031508E-04
3.96559832E-01  2.11434681E-02  4.29907697E-04
3.97828824E-01  2.06009336E-02  4.28617204E-04
3.99097815E-01  2.16658711E-02  4.48547624E-04
4.00366806E-01  2.12496258E-02  4.50994499E-04
4.01635798E-01  2.10288242E-02  4.61504678E-04
4.02904789E-01  2.08522901E-02  4.71497915E-04
4.04173781E-01  2.16151234E-02  4.67880134E-04
4.05442772E-01  2.13842280E-02  4.81717987E-04
4.06711764E-01  2.21915580E-02  4.89259255E-04
4.07980755E-01  2.10872218E-02  4.92630992E-04
4.09249747E-01  2.18315255E-02  5.07116318E-04
4.10518738E-01  2.15447601E-02  4.96367400E-04
4.11787730E-01  2.11846028E-02  5.13239298E-04
4.13056721E-01  2.16747392E-02  5.09915175E-04
4.14325713E-01  2.20963806E-02  5.29731857E-04
4.15594704E-01  2.04794332E-02  5.11055987E-04
4.16863695E-01  2.18965281E-02  5.38775872E-04
4.18132687E-01  2.15855520E-02  5.50988363E-04
4.19401678E-01  2.19101366E-02  5.35704312E-04
4.20670670E-01  2.10659131E-02  5.47259580E-04
4.21939661E-01  2.10768227E-02  5.50469034E-04
4.23208653E-01  2.10692398E-02  5.63696958E-04
4.24477644E-01  2.09007133E-02  5.58818341E-04
4.25746636E-01  2.20415443E-02  5.74014673E-04
4.27015627E-01  2.08224598E-02  5.78923384E-04
4.28284619E-01  2.04018559E-02  5.70796488E-04
4.29553610E-01  2.12990399E-02  6.03828055E-04
4.30822602E-01  2.08719335E-02  5.86057547E-04
4.32091593E-01  2.09779739E-02  6.08167786E-04
4.33360584E-01  2.12955102E-02  6.14030228E-04
4.34629576E-01  2.10138131E-02  6.17030077E-04
4.35898567E-01  2.19420176E-02  6.41672988E-04
4.37167559E-01  2.15802751E-02  6.25731191E-04
4.38436550E-01  2.11878717E-02  6.74843788E-04
4.39705542E-01  2.15657875E-02  6.43349369E-04
4.40974533E-01  2.17555128E-02  6.68955210E-04
4.42243525E-01  2.19739955E-02  6.98467542E-04
4.43512516E-01  2.15202998E-02  6.61438913E-04
4.44781508E-01  2.16368921E-02  7.11856468E-04
4.46050499E-01  2.10202150E-02  6.86120766E-04
4.47319491E-01  2.09395997E-02  7.09524436E-04
4.48588482E-01  2.05936432E-02  7.25841499E-04
4.49857473E-01  2.06372421E-02  7.11731496E-04
4.51126465E-01  2.22056825E-02  7.60162948E-04
4.52395456E-01  2.02541053E-02  7.39247887E-04
4.53664448E-01  2.05646306E-02  7.55597721E-04
4.54933439E-01  2.11321488E-02  7.72379688E-04
4.56202431E-01  2.01220270E-02  7.94991385E-04
4.57471422E-01  2.27127280E-02  8.25935917E-04
4.58740414E-01  2.09035240E-02  8.15202016E-04
4.60009405E-01  1.93701088E-02  8.04628246E-04
4.61278397E-01  2.08334960E-02  8.48049065E-04
4.62547388E-01  2.14620531E-02  8.75124126E-04
4.63816380E-01  2.26247795E-02  9.31318034E-04
4.65085371E-01  2.21740603E-02  9.22185951E-04
4.66354363E-01  2.07292531E-02  9.29381757E-04
4.67623354E-01  2.18858514E-02  9.62426828E-04
4.68892345E-01  2.26013828E-02  9.96685470E-04
4.70161337E-01  2.13987604E-02  1.02582469E-03
4.71430328E-01  2.19756160E-02  1.02778419E-03
4.72699320E-01  2.11998895E-02  1.08267996E-03
4.73968311E-01  2.13720202E-02  1.10057998E-03
4.75237303E-01  2.24915463E-02  1.15512311E-03
4.76506294E-01  2.38992609E-02  1.23209658E-03
4.77775286E-01  2.05660947E-02  1.20105967E-03
4.79044277E-01  2.19445415E-02  1.28595124E-03
4.80313269E-01  2.15275753E-02  1.31201185E-03
4.81582260E-01  2.12001409E-02  1.38856086E-03
4.82851252E-01  2.17814669E-02  1.38308026E-03
4.84120243E-01  2.14921124E-02  1.52265560E-03
4.85389234E-01  2.05305442E-02  1.50909764E-03
4.86658226E-01  2.14589033E-02  1.58626435E-03
4.87927217E-01  2.40534991E-02  1.78746460E-03
4.89196209E-01  2.42620613E-02  1.94873556E-03
4.90465200E-01  2.33118385E-02  1.96944969E-03
4.91734192E-01  2.18162816E-02  2.10827496E-03
4.93003183E-01  2.21186616E-02  2.31852895E-03
4.94272175E-01  2.24811882E-02  2.46694777E-03
4.95541166E-01  2.31708083E-02  2.73044989E-03
4.96810158E-01  1.91183072E-02  2.67519150E-03
4.98079149E-01  2.20461041E-02  3.24010220E-03
4.99348141E-01  2.19442882E-02  3.33433109E-03
5.00617132E-01  2.25927364E-02  3.76408058E-03
5.01886123E-01  2.07627174E-02  3.66400881E-03
5.03155115E-01  2.29359996E-02  4.49811993E-03
5.04424106E-01  2.08426993E-02  4.54824977E-03
5.05693098E-01  2.85867341E-02  6.73795817E-03
5.06962089E-01  1.38975214E-02  5.25276968E-03
5.08231081E-01  3.97107415E-02  1.77591834E-02
5.09500072E-01  0.00000000E+00  0.00000000E+00
5.10769064E-01  0.00000000E+00  0.00000000E+00
5.12038055E-01  0.00000000E+00  0.00000000E+00
5.13307047E-01  0.00000000E+00  0.00000000E+00


### HEADER:
#
#{
#    "analysis": {
#        "uvvis": {
#            "UVDarkTransmission": 1.0,
#            "UVPathlength": 1.5,
#            "UVTransmission": 1.0
#        }
#    },
#    "calibration_params": {
#        "Beam_Center_X": 316.5,
#        "Beam_Center_Y": 253.5,
#        "Detector Tilt": 0.0,
#        "Detector Tilt Plane Rotation": 0.0,
#        "Detector_X_Pixel_Size": 172.0,
#        "Detector_Y_Pixel_Size": 172.0,
#        "Integration Method": "nosplit_csr",
#        "Radial_Average_Method": "pyFAI",
#        "Sample-to-detector distance (mm)": 632.5,
#        "Wavelength (A)": 1.3403697127913543
#    },
#    "config_file": null,
#    "counters": {},
#    "filename": "11806_A1_phosphate_000_c.tiff",
#    "history": {},
#    "imageHeader": {
#        "AFTER": 162373100.0,
#        "BEFORE": 162373100.0,
#        "IC": 162373100.0,
#        "Img.ImgType": "2D",
#        "Img.Site": "TUM",
#        "Meas.Description": "phosphate",
#        "aquire_timestamp": "Wed Mar 01 12:45:12 2023",
#        "beam_x": 316.33,
#        "beam_y": 231.94,
#        "beamcenter_actual": "316.33    231.94",
#        "beamcenter_nominal": "316.33    231.94",
#        "bstop": 32.0,
#        "calibrationtype": "geom",
#        "configuraton_number": 2.0,
#        "data_added_constant": 0.0,
#        "data_multiplied_constant": 1.0,
#        "dataset_comments": "phosphate",
#        "datatype": "tiff",
#        "det_count_cutoff": 1147717.0,
#        "det_excluded_pixels": "badpix_mask.tif",
#        "det_exposure_period": 62.0,
#        "det_exposure_time": 60.0,
#        "det_flat_field": "(nil)",
#        "det_n_excluded_pixels": 30.0,
#        "det_pixel_size": "172e-6 172e-6",
#        "det_tau": 0.0,
#        "det_thickness": 0.00045,
#        "det_threshold_setting": 4024.0,
#        "det_trim_directory": "p3-0242_E8048_T4024.bin",
#        "detector_dist": 650.0,
#        "detector_function": "saxs",
#        "detector_sn": "dec1174",
#        "detectortype": "Pilatus",
#        "detx": 525.0,
#        "dety": 1.371563,
#        "detz": 0.0,
#        "dxdont": 525.0,
#        "error_norm_fact": 1.0,
#        "exposure_time": 60.0,
#        "flatfield_applied": 0.0,
#        "hg1": 2.5,
#        "hg2": 1.05,
#        "hg3": 0.0,
#        "hp1": 0.0,
#        "hp2": 0.0,
#        "hp3": 0.0,
#        "integration_time": 60.0,
#        "livetime": 60.0,
#        "log": "log",
#        "pd": 0.0,
#        "photons_per_100adu": 100.0,
#        "pixelsize": "0.172 0.172",
#        "pixelsize_x": 172.0,
#        "pixelsize_y": 172.0,
#        "reduction_type": "s",
#        "sample_ID": "p 1 10",
#        "sample_angle1": 0.0,
#        "sample_bio_cell_temp": 25.0,
#        "sample_bio_code": "None",
#        "sample_bio_run_number": 1.0,
#        "sample_bio_sample": "p 1 10",
#        "sample_bio_uv_dark": 1.0,
#        "sample_bio_uv_pathlength": 1.5,
#        "sample_bio_uv_trans": 1.0,
#        "sample_concentration": 1.0,
#        "sample_transfact": 1.0,
#        "sample_ypos": 2.5,
#        "sample_zpos": 68.9,
#        "saturated_value": 1147717.0,
#        "saxsconf_Ieff": 1.0,
#        "saxsconf_Imon": 162373100.0,
#        "saxsconf_Itrans": 162373100.0,
#        "saxsconf_Izero": 162373100.0,
#        "saxsconf_det_offx": 0.0,
#        "saxsconf_det_offy": 0.0,
#        "saxsconf_det_pixsizey": 0.172,
#        "saxsconf_det_pixsizez": 0.172,
#        "saxsconf_det_rotx": 0.0,
#        "saxsconf_det_roty": 0.0,
#        "saxsconf_dwavelength": 0.004,
#        "saxsconf_l1": 725.0,
#        "saxsconf_l2": 400.0,
#        "saxsconf_l3": 200.0,
#        "saxsconf_r1": 1.25,
#        "saxsconf_r2": 0.525,
#        "saxsconf_r3": 0.0,
#        "saxsconf_wavelength": 1.3428,
#        "solz": 0.0,
#        "source_kV": 0.0,
#        "source_ma": 0.0,
#        "source_type": "EXCILLUMMETALJET",
#        "start_timestamp": "Wed Mar 01 12:45:12 2023",
#        "thsam": 0.0,
#        "vg1": 2.5,
#        "vg2": 1.05,
#        "vg3": 0.0,
#        "vp1": 0.0,
#        "vp2": 0.0,
#        "vp3": 0.0,
#        "wavelength": 1.3428,
#        "xaxisbintype": "lin",
#        "zinger_removal": 0.0,
#        "zsam": 68.9
#    },
#    "load_path": "/home/saxslab/BIODATA/Users/Course_010323/P4/11806_A1_phosphate_000_c.tiff",
#    "normalizations": {
#        "Absolute_scale": {
#            "Absolute_scale_factor": 0.7601938,
#            "Method": "Water"
#        },
#        "Counter_norms": [
#            [
#                "/",
#                "exposure_time"
#            ],
#            [
#                "/",
#                "saxsconf_Izero/1e8"
#            ]
#        ],
#        "Polarization": {
#            "Used": false
#        },
#        "Solid_Angle_Correction": "On"
#    },
#    "raw_version": "2.1.4"
#}

