### DATA:
#
# 393
#      Q             I(Q)           Error     
1.58623933E-02  7.77967393E-01  8.73239152E-03
1.71313847E-02  3.91475797E-01  5.77639276E-03
1.84003762E-02  2.63936877E-01  4.84961830E-03
1.96693677E-02  1.78639144E-01  3.81990196E-03
2.09383591E-02  1.50097013E-01  3.57678114E-03
2.22073506E-02  1.16969861E-01  2.76469649E-03
2.34763421E-02  1.03200883E-01  2.68803351E-03
2.47453335E-02  8.65191966E-02  2.37776246E-03
2.60143250E-02  8.06739777E-02  2.18919059E-03
2.72833164E-02  7.54109025E-02  2.21988885E-03
2.85523079E-02  6.47922754E-02  1.78199913E-03
2.98212994E-02  6.15578815E-02  1.85688422E-03
3.10902908E-02  5.75237982E-02  1.72270183E-03
3.23592823E-02  5.32936342E-02  1.65815512E-03
3.36282738E-02  5.21976091E-02  1.59946899E-03
3.48972652E-02  5.01800887E-02  1.44676713E-03
3.61662567E-02  4.57152538E-02  1.42720866E-03
3.74352481E-02  4.61998619E-02  1.40322081E-03
3.87042396E-02  4.46127988E-02  1.39483053E-03
3.99732311E-02  4.37591746E-02  1.30989659E-03
4.12422225E-02  3.98519598E-02  1.22693821E-03
4.25112140E-02  3.81349064E-02  1.21139467E-03
4.37802055E-02  3.75414640E-02  1.16917642E-03
4.50491969E-02  3.58716138E-02  1.14295934E-03
4.63181884E-02  3.51895653E-02  1.09118165E-03
4.75871798E-02  3.53577286E-02  1.08446996E-03
4.88561713E-02  3.39481458E-02  1.11081661E-03
5.01251628E-02  3.57671641E-02  1.03335769E-03
5.13941542E-02  3.59945111E-02  1.02840608E-03
5.26631457E-02  3.24433707E-02  9.98841715E-04
5.39321372E-02  3.13416980E-02  9.68126929E-04
5.52011286E-02  3.19502614E-02  1.01543777E-03
5.64701201E-02  3.19395773E-02  9.10683651E-04
5.77391115E-02  3.05619538E-02  9.44034779E-04
5.90081030E-02  2.87766457E-02  8.93605407E-04
6.02770945E-02  2.98646260E-02  9.06649162E-04
6.15460859E-02  3.07108294E-02  9.04421904E-04
6.28150774E-02  2.88324524E-02  8.41121539E-04
6.40840689E-02  2.83023845E-02  8.84848065E-04
6.53530603E-02  2.81303581E-02  8.28767952E-04
6.66220518E-02  2.92813350E-02  8.61207780E-04
6.78910432E-02  2.79107094E-02  7.82254734E-04
6.91600347E-02  2.71305107E-02  7.96505483E-04
7.04290262E-02  2.65450664E-02  8.01045680E-04
7.16980176E-02  2.62557566E-02  7.59496237E-04
7.29670091E-02  2.72390023E-02  7.70086597E-04
7.42360006E-02  2.72416975E-02  7.64405529E-04
7.55049920E-02  2.43217368E-02  7.24749349E-04
7.67739835E-02  2.55605560E-02  7.56605004E-04
7.80429750E-02  2.43219584E-02  6.88686152E-04
7.93119664E-02  2.45758556E-02  7.13839952E-04
8.05809579E-02  2.39461623E-02  6.91720226E-04
8.18499493E-02  2.48619318E-02  7.06536695E-04
8.31189408E-02  2.42652148E-02  7.17927003E-04
8.43879323E-02  2.39892993E-02  6.65507163E-04
8.56569237E-02  2.29238756E-02  6.47270412E-04
8.69259152E-02  2.29730438E-02  6.53021212E-04
8.81949067E-02  2.25012135E-02  6.43876032E-04
8.94638981E-02  2.29016151E-02  6.59642857E-04
9.07328896E-02  2.30553430E-02  6.34739990E-04
9.20018810E-02  2.21189186E-02  6.29494316E-04
9.32708725E-02  2.29700487E-02  6.33826770E-04
9.45398640E-02  2.26975828E-02  6.17631187E-04
9.58088554E-02  2.10285075E-02  5.98670566E-04
9.70778469E-02  2.15292051E-02  5.94689744E-04
9.83468384E-02  2.16460321E-02  6.12648728E-04
9.96158298E-02  2.17338577E-02  5.87704242E-04
1.00884821E-01  2.24659834E-02  5.96719154E-04
1.02153813E-01  2.12091003E-02  5.92334953E-04
1.03422804E-01  2.23131012E-02  5.83265733E-04
1.04691796E-01  2.25445181E-02  6.08717848E-04
1.05960787E-01  2.15215310E-02  5.66456700E-04
1.07229779E-01  2.16254238E-02  5.75166312E-04
1.08498770E-01  2.13759262E-02  5.66477887E-04
1.09767762E-01  2.17716433E-02  5.69884141E-04
1.11036753E-01  2.16577537E-02  5.80740627E-04
1.12305744E-01  2.03995034E-02  5.34328807E-04
1.13574736E-01  2.22339816E-02  5.94955636E-04
1.14843727E-01  2.14462709E-02  5.70720120E-04
1.16112719E-01  2.09967233E-02  5.78390376E-04
1.17381710E-01  2.16433015E-02  5.91788325E-04
1.18650702E-01  2.01994069E-02  5.53484133E-04
1.19919693E-01  2.06240155E-02  5.60885936E-04
1.21188685E-01  2.06476972E-02  5.68266143E-04
1.22457676E-01  1.97827313E-02  5.56804822E-04
1.23726668E-01  2.15593260E-02  5.82248671E-04
1.24995659E-01  2.02080719E-02  5.52923710E-04
1.26264651E-01  2.00394057E-02  5.75705897E-04
1.27533642E-01  1.94831416E-02  5.64176647E-04
1.28802633E-01  2.07469054E-02  5.83165092E-04
1.30071625E-01  2.10517067E-02  6.00603118E-04
1.31340616E-01  2.05321629E-02  5.95440739E-04
1.32609608E-01  2.02401113E-02  6.02475833E-04
1.33878599E-01  2.05367897E-02  5.81723347E-04
1.35147591E-01  2.06263084E-02  6.06283196E-04
1.36416582E-01  2.16610841E-02  6.23560452E-04
1.37685574E-01  2.10657232E-02  6.15394267E-04
1.38954565E-01  2.03919206E-02  6.28478476E-04
1.40223557E-01  2.04407070E-02  5.83569345E-04
1.41492548E-01  1.93755981E-02  6.05017296E-04
1.42761540E-01  2.02543084E-02  6.19170431E-04
1.44030531E-01  2.09457502E-02  6.21022191E-04
1.45299522E-01  2.06686351E-02  6.26960129E-04
1.46568514E-01  2.07685884E-02  6.06171263E-04
1.47837505E-01  2.04732902E-02  6.03516353E-04
1.49106497E-01  2.10938863E-02  6.04461587E-04
1.50375488E-01  2.01442447E-02  5.90127893E-04
1.51644480E-01  2.00830419E-02  5.82099427E-04
1.52913471E-01  2.16409434E-02  5.87549701E-04
1.54182463E-01  2.08920408E-02  5.80258609E-04
1.55451454E-01  2.08681077E-02  5.71429671E-04
1.56720446E-01  1.99627951E-02  5.60679298E-04
1.57989437E-01  1.99255869E-02  5.67130279E-04
1.59258429E-01  1.99998766E-02  5.64693240E-04
1.60527420E-01  2.00840756E-02  5.55455743E-04
1.61796411E-01  2.08245255E-02  5.31305966E-04
1.63065403E-01  2.01671030E-02  5.30297868E-04
1.64334394E-01  2.04571895E-02  5.32024598E-04
1.65603386E-01  2.02199630E-02  5.23610681E-04
1.66872377E-01  2.15576701E-02  5.42591210E-04
1.68141369E-01  2.01555248E-02  4.93526750E-04
1.69410360E-01  2.10668147E-02  5.17663662E-04
1.70679352E-01  2.02352535E-02  5.06197626E-04
1.71948343E-01  2.06959993E-02  5.02451847E-04
1.73217335E-01  1.99197754E-02  4.97544534E-04
1.74486326E-01  2.10100897E-02  4.92881984E-04
1.75755318E-01  1.98674724E-02  4.90202685E-04
1.77024309E-01  2.02942714E-02  4.91453218E-04
1.78293300E-01  2.11192779E-02  4.80943185E-04
1.79562292E-01  2.04390157E-02  4.86061035E-04
1.80831283E-01  2.09893528E-02  4.84464224E-04
1.82100275E-01  2.03474779E-02  4.74431377E-04
1.83369266E-01  2.04142630E-02  4.82595060E-04
1.84638258E-01  2.03004517E-02  4.64564451E-04
1.85907249E-01  1.98502913E-02  4.65548248E-04
1.87176241E-01  2.02293675E-02  4.64248995E-04
1.88445232E-01  2.09815297E-02  4.72035375E-04
1.89714224E-01  2.02847607E-02  4.57996735E-04
1.90983215E-01  2.04052087E-02  4.65368474E-04
1.92252207E-01  2.02681702E-02  4.55823902E-04
1.93521198E-01  2.06788313E-02  4.62870637E-04
1.94790190E-01  1.99824553E-02  4.40228265E-04
1.96059181E-01  2.01666802E-02  4.48568724E-04
1.97328172E-01  2.02504825E-02  4.50614578E-04
1.98597164E-01  2.01255158E-02  4.50691034E-04
1.99866155E-01  2.05507092E-02  4.50335676E-04
2.01135147E-01  2.01822780E-02  4.38674702E-04
2.02404138E-01  1.95768233E-02  4.26907267E-04
2.03673130E-01  2.05407646E-02  4.39796830E-04
2.04942121E-01  2.09012162E-02  4.49449057E-04
2.06211113E-01  2.00802702E-02  4.30345070E-04
2.07480104E-01  1.94400623E-02  4.21839388E-04
2.08749096E-01  2.04371978E-02  4.38699615E-04
2.10018087E-01  2.00782269E-02  4.31662425E-04
2.11287079E-01  2.02607848E-02  4.25240432E-04
2.12556070E-01  1.95634253E-02  4.11205547E-04
2.13825061E-01  2.01627463E-02  4.25925740E-04
2.15094053E-01  2.06659660E-02  4.29379783E-04
2.16363044E-01  2.01991908E-02  4.25957056E-04
2.17632036E-01  2.04834286E-02  4.19988704E-04
2.18901027E-01  2.03300808E-02  4.18930285E-04
2.20170019E-01  2.06183363E-02  4.21588804E-04
2.21439010E-01  1.93916205E-02  4.10841778E-04
2.22708002E-01  1.97264273E-02  4.05455532E-04
2.23976993E-01  1.96787249E-02  4.08242457E-04
2.25245985E-01  2.03337371E-02  4.11768939E-04
2.26514976E-01  2.06228793E-02  4.16824187E-04
2.27783968E-01  2.01170575E-02  4.05339233E-04
2.29052959E-01  2.04668492E-02  4.06426348E-04
2.30321950E-01  2.01759189E-02  4.00014978E-04
2.31590942E-01  2.00491920E-02  4.09751607E-04
2.32859933E-01  2.02549137E-02  4.03723388E-04
2.34128925E-01  2.08297092E-02  4.06426931E-04
2.35397916E-01  1.97072942E-02  3.89042689E-04
2.36666908E-01  2.01268699E-02  4.00359830E-04
2.37935899E-01  1.96947586E-02  3.97761556E-04
2.39204891E-01  2.03784611E-02  3.89625930E-04
2.40473882E-01  1.98036078E-02  3.96694144E-04
2.41742874E-01  1.98605824E-02  3.90810426E-04
2.43011865E-01  2.05605645E-02  3.95935174E-04
2.44280857E-01  1.97504088E-02  3.89632332E-04
2.45549848E-01  1.95635594E-02  3.79015226E-04
2.46818839E-01  2.05270536E-02  3.94676375E-04
2.48087831E-01  2.02256665E-02  3.87075474E-04
2.49356822E-01  1.98619943E-02  3.87296954E-04
2.50625814E-01  2.03092508E-02  3.80813144E-04
2.51894805E-01  2.00835895E-02  3.82305472E-04
2.53163797E-01  2.05497574E-02  3.92703427E-04
2.54432788E-01  1.97734646E-02  3.77613498E-04
2.55701780E-01  1.98299102E-02  3.76542856E-04
2.56970771E-01  2.02138387E-02  3.76503245E-04
2.58239763E-01  1.93914156E-02  3.74458265E-04
2.59508754E-01  2.02942230E-02  3.82058759E-04
2.60777746E-01  1.99042577E-02  3.67019587E-04
2.62046737E-01  2.06033755E-02  3.83813138E-04
2.63315728E-01  2.08161827E-02  3.74903495E-04
2.64584720E-01  2.10425667E-02  3.86416941E-04
2.65853711E-01  2.03603487E-02  3.76120326E-04
2.67122703E-01  1.97178610E-02  3.57153505E-04
2.68391694E-01  1.95136257E-02  3.66409717E-04
2.69660686E-01  2.03488637E-02  3.69728426E-04
2.70929677E-01  1.97687056E-02  3.70007474E-04
2.72198669E-01  2.01735292E-02  3.66422319E-04
2.73467660E-01  2.04597712E-02  3.67256522E-04
2.74736652E-01  2.02081092E-02  3.73981486E-04
2.76005643E-01  2.03459524E-02  3.59596277E-04
2.77274635E-01  2.01549362E-02  3.62121646E-04
2.78543626E-01  2.06389502E-02  3.67097004E-04
2.79812618E-01  1.96523536E-02  3.55701835E-04
2.81081609E-01  2.01631803E-02  3.66752967E-04
2.82350600E-01  2.00675726E-02  3.54072254E-04
2.83619592E-01  2.03734860E-02  3.59429483E-04
2.84888583E-01  2.04130094E-02  3.58115736E-04
2.86157575E-01  1.95892565E-02  3.54653195E-04
2.87426566E-01  2.00855937E-02  3.57130455E-04
2.88695558E-01  1.95541326E-02  3.47217254E-04
2.89964549E-01  1.95442066E-02  3.51337512E-04
2.91233541E-01  2.02864576E-02  3.52272677E-04
2.92502532E-01  2.04676557E-02  3.53353389E-04
2.93771524E-01  1.95888393E-02  3.50227172E-04
2.95040515E-01  1.92022901E-02  3.50053655E-04
2.96309507E-01  1.98585279E-02  3.61045357E-04
2.97578498E-01  2.06613559E-02  3.61722778E-04
2.98847489E-01  1.99001376E-02  3.57275538E-04
3.00116481E-01  2.00823247E-02  3.58962803E-04
3.01385472E-01  1.96846947E-02  3.56688484E-04
3.02654464E-01  2.01449078E-02  3.69794376E-04
3.03923455E-01  2.04571001E-02  3.57508048E-04
3.05192447E-01  2.00736169E-02  3.65348533E-04
3.06461438E-01  2.02057306E-02  3.62827646E-04
3.07730430E-01  2.03782767E-02  3.62463732E-04
3.08999421E-01  2.01930758E-02  3.61571088E-04
3.10268413E-01  1.97481196E-02  3.55355267E-04
3.11537404E-01  2.02120040E-02  3.68114474E-04
3.12806396E-01  1.96568910E-02  3.55514785E-04
3.14075387E-01  2.03275867E-02  3.68769397E-04
3.15344378E-01  2.04947460E-02  3.57527111E-04
3.16613370E-01  2.03730743E-02  3.66371241E-04
3.17882361E-01  2.03366615E-02  3.65192973E-04
3.19151353E-01  1.97155774E-02  3.53962067E-04
3.20420344E-01  2.05397643E-02  3.65397136E-04
3.21689336E-01  2.00714227E-02  3.65194632E-04
3.22958327E-01  2.03253236E-02  3.70225433E-04
3.24227319E-01  1.99323166E-02  3.68755369E-04
3.25496310E-01  2.01729853E-02  3.66682274E-04
3.26765302E-01  1.99736431E-02  3.70598340E-04
3.28034293E-01  2.03224886E-02  3.71616246E-04
3.29303285E-01  2.02625077E-02  3.74231575E-04
3.30572276E-01  1.99549682E-02  3.68840294E-04
3.31841267E-01  2.02663187E-02  3.69150628E-04
3.33110259E-01  2.02154089E-02  3.81155114E-04
3.34379250E-01  2.07586009E-02  3.75400530E-04
3.35648242E-01  2.05843225E-02  3.85057967E-04
3.36917233E-01  1.97359174E-02  3.68038600E-04
3.38186225E-01  2.02877633E-02  3.75913485E-04
3.39455216E-01  2.05084682E-02  3.81992053E-04
3.40724208E-01  1.99906919E-02  3.72165843E-04
3.41993199E-01  2.00993512E-02  3.76889715E-04
3.43262191E-01  2.02537030E-02  3.76866636E-04
3.44531182E-01  1.93322711E-02  3.72726703E-04
3.45800174E-01  2.00225264E-02  3.79702455E-04
3.47069165E-01  2.01808996E-02  3.72068898E-04
3.48338156E-01  2.05878001E-02  3.84128653E-04
3.49607148E-01  1.96474995E-02  3.68154375E-04
3.50876139E-01  2.08560284E-02  3.85467225E-04
3.52145131E-01  2.00422276E-02  3.72455164E-04
3.53414122E-01  2.00075042E-02  3.72847833E-04
3.54683114E-01  2.02209372E-02  3.75228148E-04
3.55952105E-01  2.03094911E-02  3.77878489E-04
3.57221097E-01  1.93014871E-02  3.68726091E-04
3.58490088E-01  1.97829548E-02  3.70024616E-04
3.59759080E-01  2.05165520E-02  3.79732344E-04
3.61028071E-01  2.03476865E-02  3.76769080E-04
3.62297063E-01  2.00895481E-02  3.77271557E-04
3.63566054E-01  2.02809907E-02  3.83446430E-04
3.64835046E-01  2.08101757E-02  3.79274366E-04
3.66104037E-01  2.02217512E-02  3.82979080E-04
3.67373028E-01  1.98919009E-02  3.71193630E-04
3.68642020E-01  2.00087819E-02  3.79463658E-04
3.69911011E-01  2.07182746E-02  3.83007340E-04
3.71180003E-01  2.02123262E-02  3.80180543E-04
3.72448994E-01  2.04039589E-02  3.89888795E-04
3.73717986E-01  2.02776548E-02  3.75904579E-04
3.74986977E-01  2.01041922E-02  3.83967883E-04
3.76255969E-01  2.03069486E-02  3.81066406E-04
3.77524960E-01  1.96758639E-02  3.78536643E-04
3.78793952E-01  2.02673245E-02  3.85823019E-04
3.80062943E-01  2.09571961E-02  3.81616148E-04
3.81331935E-01  2.02391036E-02  3.86675791E-04
3.82600926E-01  1.97681095E-02  3.82394850E-04
3.83869917E-01  2.04118844E-02  3.93360271E-04
3.85138909E-01  2.01366395E-02  3.98892764E-04
3.86407900E-01  2.05473080E-02  3.97191267E-04
3.87676892E-01  2.01155208E-02  4.14204638E-04
3.88945883E-01  2.01278273E-02  4.00598132E-04
3.90214875E-01  1.96216498E-02  4.01550205E-04
3.91483866E-01  2.00346392E-02  4.11965884E-04
3.92752858E-01  2.02794038E-02  4.12155030E-04
3.94021849E-01  1.99419055E-02  4.15115239E-04
3.95290841E-01  2.06921455E-02  4.19147691E-04
3.96559832E-01  2.01358255E-02  4.21311066E-04
3.97828824E-01  1.95447318E-02  4.21247678E-04
3.99097815E-01  2.08316613E-02  4.42346529E-04
4.00366806E-01  2.06855461E-02  4.47303930E-04
4.01635798E-01  2.05161683E-02  4.58097376E-04
4.02904789E-01  2.05352344E-02  4.69734485E-04
4.04173781E-01  2.02109721E-02  4.55458998E-04
4.05442772E-01  2.07259916E-02  4.73403110E-04
4.06711764E-01  2.03126837E-02  4.69800521E-04
4.07980755E-01  1.95347741E-02  4.78229835E-04
4.09249747E-01  1.99904740E-02  4.88978287E-04
4.10518738E-01  2.03922559E-02  4.83775104E-04
4.11787730E-01  2.07378082E-02  5.11237478E-04
4.13056721E-01  2.03527678E-02  4.97796806E-04
4.14325713E-01  2.01840512E-02  5.09938807E-04
4.15594704E-01  1.98609978E-02  5.04508789E-04
4.16863695E-01  1.99420471E-02  5.18770074E-04
4.18132687E-01  2.01017261E-02  5.34908904E-04
4.19401678E-01  2.12447867E-02  5.31666214E-04
4.20670670E-01  2.00934839E-02  5.36287553E-04
4.21939661E-01  2.01108102E-02  5.41046436E-04
4.23208653E-01  2.05235649E-02  5.58922533E-04
4.24477644E-01  2.02857200E-02  5.53871098E-04
4.25746636E-01  2.09250376E-02  5.62693924E-04
4.27015627E-01  2.08931398E-02  5.83270972E-04
4.28284619E-01  2.10759118E-02  5.79441548E-04
4.29553610E-01  2.12201867E-02  6.00571278E-04
4.30822602E-01  2.00618580E-02  5.76620456E-04
4.32091593E-01  1.98379420E-02  5.93337114E-04
4.33360584E-01  2.21631993E-02  6.26479508E-04
4.34629576E-01  2.14362144E-02  6.25111337E-04
4.35898567E-01  2.18642261E-02  6.44558691E-04
4.37167559E-01  2.09348053E-02  6.20089762E-04
4.38436550E-01  1.96314994E-02  6.52258517E-04
4.39705542E-01  2.01466326E-02  6.28436333E-04
4.40974533E-01  2.08539944E-02  6.56631426E-04
4.42243525E-01  2.13437285E-02  6.90045068E-04
4.43512516E-01  2.13664491E-02  6.62585953E-04
4.44781508E-01  2.16746870E-02  7.11332250E-04
4.46050499E-01  2.14309096E-02  6.94369781E-04
4.47319491E-01  2.18374263E-02  7.22530647E-04
4.48588482E-01  1.98749881E-02  7.17893650E-04
4.49857473E-01  2.12415438E-02  7.22805853E-04
4.51126465E-01  2.18531061E-02  7.58279464E-04
4.52395456E-01  1.91160813E-02  7.20614800E-04
4.53664448E-01  1.93673074E-02  7.39292940E-04
4.54933439E-01  1.92753132E-02  7.41504249E-04
4.56202431E-01  1.88136939E-02  7.74511660E-04
4.57471422E-01  2.08060518E-02  7.98069697E-04
4.58740414E-01  2.07887143E-02  8.13885999E-04
4.60009405E-01  1.97587311E-02  8.16432352E-04
4.61278397E-01  2.18124036E-02  8.66762246E-04
4.62547388E-01  2.09393278E-02  8.67572438E-04
4.63816380E-01  1.94013417E-02  8.70720483E-04
4.65085371E-01  2.08429564E-02  9.01581196E-04
4.66354363E-01  1.99783724E-02  9.20611841E-04
4.67623354E-01  2.04014853E-02  9.39543359E-04
4.68892345E-01  2.14578453E-02  9.76988580E-04
4.70161337E-01  2.16980707E-02  1.03769975E-03
4.71430328E-01  2.17044782E-02  1.02738396E-03
4.72699320E-01  1.99053064E-02  1.05009752E-03
4.73968311E-01  1.97947584E-02  1.06985809E-03
4.75237303E-01  2.09039766E-02  1.12021458E-03
4.76506294E-01  2.13412568E-02  1.16568024E-03
4.77775286E-01  2.34136134E-02  1.27533299E-03
4.79044277E-01  2.13148296E-02  1.25598081E-03
4.80313269E-01  2.31172275E-02  1.35270995E-03
4.81582260E-01  2.00511143E-02  1.35754561E-03
4.82851252E-01  2.10129507E-02  1.37323025E-03
4.84120243E-01  2.19122451E-02  1.52654108E-03
4.85389234E-01  2.17230320E-02  1.55146886E-03
4.86658226E-01  2.21503302E-02  1.63657416E-03
4.87927217E-01  2.44330037E-02  1.79624732E-03
4.89196209E-01  2.06303094E-02  1.80242665E-03
4.90465200E-01  2.08234508E-02  1.89020811E-03
4.91734192E-01  1.93325207E-02  2.00298382E-03
4.93003183E-01  2.17441395E-02  2.34241411E-03
4.94272175E-01  2.28574350E-02  2.47906940E-03
4.95541166E-01  2.26467233E-02  2.72526336E-03
4.96810158E-01  2.60996539E-02  3.09716025E-03
4.98079149E-01  2.39267834E-02  3.34524526E-03
4.99348141E-01  1.54833971E-02  2.77578831E-03
5.00617132E-01  2.27037463E-02  3.73247289E-03
5.01886123E-01  2.20920723E-02  3.68201220E-03
5.03155115E-01  2.03892328E-02  4.25144890E-03
5.04424106E-01  2.09451094E-02  4.57059778E-03
5.05693098E-01  3.03231534E-02  6.95660850E-03
5.06962089E-01  2.59365011E-02  7.19349086E-03
5.08231081E-01  7.98117183E-03  7.98117183E-03
5.09500072E-01  0.00000000E+00  0.00000000E+00
5.10769064E-01  0.00000000E+00  0.00000000E+00
5.12038055E-01  0.00000000E+00  0.00000000E+00
5.13307047E-01  0.00000000E+00  0.00000000E+00


### HEADER:
#
#{
#    "analysis": {
#        "uvvis": {
#            "UVDarkTransmission": 1.0,
#            "UVPathlength": 1.5,
#            "UVTransmission": 1.0
#        }
#    },
#    "calibration_params": {
#        "Beam_Center_X": 316.5,
#        "Beam_Center_Y": 253.5,
#        "Detector Tilt": 0.0,
#        "Detector Tilt Plane Rotation": 0.0,
#        "Detector_X_Pixel_Size": 172.0,
#        "Detector_Y_Pixel_Size": 172.0,
#        "Integration Method": "nosplit_csr",
#        "Radial_Average_Method": "pyFAI",
#        "Sample-to-detector distance (mm)": 632.5,
#        "Wavelength (A)": 1.3403697127913543
#    },
#    "config_file": null,
#    "counters": {},
#    "filename": "11803_A1_Mq_007_c.tiff",
#    "history": {},
#    "imageHeader": {
#        "AFTER": 161579180.0,
#        "BEFORE": 161579180.0,
#        "IC": 161579180.0,
#        "Img.ImgType": "2D",
#        "Img.Site": "TUM",
#        "Meas.Description": "Mq",
#        "aquire_timestamp": "Wed Mar 01 12:13:45 2023",
#        "beam_x": 316.33,
#        "beam_y": 231.94,
#        "beamcenter_actual": "316.33    231.94",
#        "beamcenter_nominal": "316.33    231.94",
#        "bstop": 32.0,
#        "calibrationtype": "geom",
#        "configuraton_number": 2.0,
#        "data_added_constant": 0.0,
#        "data_multiplied_constant": 1.0,
#        "dataset_comments": "Mq",
#        "datatype": "tiff",
#        "det_count_cutoff": 1147717.0,
#        "det_excluded_pixels": "badpix_mask.tif",
#        "det_exposure_period": 62.0,
#        "det_exposure_time": 60.0,
#        "det_flat_field": "(nil)",
#        "det_n_excluded_pixels": 30.0,
#        "det_pixel_size": "172e-6 172e-6",
#        "det_tau": 0.0,
#        "det_thickness": 0.00045,
#        "det_threshold_setting": 4024.0,
#        "det_trim_directory": "p3-0242_E8048_T4024.bin",
#        "detector_dist": 1425.0,
#        "detector_function": "saxs",
#        "detector_sn": "dec1174",
#        "detectortype": "Pilatus",
#        "detx": 1300.0,
#        "dety": 1.371563,
#        "detz": 0.0,
#        "dxdont": 525.0,
#        "error_norm_fact": 1.0,
#        "exposure_time": 60.0,
#        "flatfield_applied": 0.0,
#        "hg1": 2.5,
#        "hg2": 1.05,
#        "hg3": 0.0,
#        "hp1": 0.0,
#        "hp2": 0.0,
#        "hp3": 0.0,
#        "integration_time": 60.0,
#        "livetime": 60.0,
#        "log": "log",
#        "pd": 0.0,
#        "photons_per_100adu": 100.0,
#        "pixelsize": "0.172 0.172",
#        "pixelsize_x": 172.0,
#        "pixelsize_y": 172.0,
#        "reduction_type": "s",
#        "sample_ID": "p 8 10",
#        "sample_angle1": 0.0,
#        "sample_bio_cell_temp": 25.0,
#        "sample_bio_code": "None",
#        "sample_bio_run_number": 1.0,
#        "sample_bio_sample": "p 8 10",
#        "sample_bio_uv_dark": 1.0,
#        "sample_bio_uv_pathlength": 1.5,
#        "sample_bio_uv_trans": 1.0,
#        "sample_concentration": 1.0,
#        "sample_transfact": 1.0,
#        "sample_ypos": 2.5,
#        "sample_zpos": 68.9,
#        "saturated_value": 1147717.0,
#        "saxsconf_Ieff": 1.0,
#        "saxsconf_Imon": 161579180.0,
#        "saxsconf_Itrans": 161579180.0,
#        "saxsconf_Izero": 161579180.0,
#        "saxsconf_det_offx": 0.0,
#        "saxsconf_det_offy": 0.0,
#        "saxsconf_det_pixsizey": 0.172,
#        "saxsconf_det_pixsizez": 0.172,
#        "saxsconf_det_rotx": 0.0,
#        "saxsconf_det_roty": 0.0,
#        "saxsconf_dwavelength": 0.004,
#        "saxsconf_l1": 725.0,
#        "saxsconf_l2": 400.0,
#        "saxsconf_l3": 200.0,
#        "saxsconf_r1": 1.25,
#        "saxsconf_r2": 0.525,
#        "saxsconf_r3": 0.0,
#        "saxsconf_wavelength": 1.3428,
#        "solz": 0.0,
#        "source_kV": 0.0,
#        "source_ma": 0.0,
#        "source_type": "EXCILLUMMETALJET",
#        "start_timestamp": "Wed Mar 01 12:13:45 2023",
#        "thsam": 0.0,
#        "vg1": 2.5,
#        "vg2": 1.05,
#        "vg3": 0.0,
#        "vp1": 0.0,
#        "vp2": 0.0,
#        "vp3": 0.0,
#        "wavelength": 1.3428,
#        "xaxisbintype": "lin",
#        "zinger_removal": 0.0,
#        "zsam": 68.9
#    },
#    "load_path": "/home/saxslab/BIODATA/Users/Course_010323/P4/11803_A1_Mq_007_c.tiff",
#    "normalizations": {
#        "Absolute_scale": {
#            "Absolute_scale_factor": 0.7601938,
#            "Method": "Water"
#        },
#        "Counter_norms": [
#            [
#                "/",
#                "exposure_time"
#            ],
#            [
#                "/",
#                "saxsconf_Izero/1e8"
#            ]
#        ],
#        "Polarization": {
#            "Used": false
#        },
#        "Solid_Angle_Correction": "On"
#    },
#    "raw_version": "2.1.4"
#}

