### DATA:
#
# 393
#      Q             I(Q)           Error     
1.58623933E-02  7.54259050E-01  8.57167877E-03
1.71313847E-02  3.95746976E-01  5.78983501E-03
1.84003762E-02  2.50969619E-01  4.71434323E-03
1.96693677E-02  1.84272274E-01  3.86764924E-03
2.09383591E-02  1.42985314E-01  3.48020811E-03
2.22073506E-02  1.15921885E-01  2.74376129E-03
2.34763421E-02  9.39346775E-02  2.55657802E-03
2.47453335E-02  8.94261822E-02  2.40989286E-03
2.60143250E-02  7.69870281E-02  2.13195872E-03
2.72833164E-02  6.92945421E-02  2.12137192E-03
2.85523079E-02  6.51709661E-02  1.78166525E-03
2.98212994E-02  5.97855933E-02  1.82429224E-03
3.10902908E-02  5.54761365E-02  1.68652425E-03
3.23592823E-02  5.39382733E-02  1.66298822E-03
3.36282738E-02  4.88549136E-02  1.54261582E-03
3.48972652E-02  4.68021743E-02  1.39351387E-03
3.61662567E-02  4.46355194E-02  1.40588672E-03
3.74352481E-02  4.33728173E-02  1.35540054E-03
3.87042396E-02  4.28648181E-02  1.36439584E-03
3.99732311E-02  4.18129638E-02  1.27647130E-03
4.12422225E-02  3.84814478E-02  1.20254012E-03
4.25112140E-02  3.61416899E-02  1.17692945E-03
4.37802055E-02  3.75979953E-02  1.16642041E-03
4.50491969E-02  3.60828005E-02  1.14103837E-03
4.63181884E-02  3.54423039E-02  1.09324488E-03
4.75871798E-02  3.38511094E-02  1.05887710E-03
4.88561713E-02  3.30887288E-02  1.09387701E-03
5.01251628E-02  3.31841409E-02  9.90680186E-04
5.13941542E-02  3.24564986E-02  9.72430047E-04
5.26631457E-02  3.10858004E-02  9.76661337E-04
5.39321372E-02  3.11183762E-02  9.61234269E-04
5.52011286E-02  3.07304841E-02  9.93875554E-04
5.64701201E-02  3.07164919E-02  8.90775817E-04
5.77391115E-02  3.09769865E-02  9.46974091E-04
5.90081030E-02  3.22490260E-02  9.43599036E-04
6.02770945E-02  2.96799634E-02  9.01455176E-04
6.15460859E-02  2.92569101E-02  8.80118110E-04
6.28150774E-02  3.00140325E-02  8.57165898E-04
6.40840689E-02  3.05258408E-02  9.14573902E-04
6.53530603E-02  3.17096040E-02  8.75756494E-04
6.66220518E-02  2.81728804E-02  8.43311776E-04
6.78910432E-02  3.04015074E-02  8.14240542E-04
6.91600347E-02  2.91408654E-02  8.19317764E-04
7.04290262E-02  3.13243829E-02  8.66096292E-04
7.16980176E-02  2.93632038E-02  7.98863941E-04
7.29670091E-02  2.97262333E-02  8.00476526E-04
7.42360006E-02  3.05898115E-02  8.06943863E-04
7.55049920E-02  3.08656022E-02  8.10561120E-04
7.67739835E-02  3.12494654E-02  8.28107353E-04
7.80429750E-02  3.02478988E-02  7.61686475E-04
7.93119664E-02  3.24636810E-02  8.12860555E-04
8.05809579E-02  3.52391154E-02  8.29212484E-04
8.18499493E-02  3.41977291E-02  8.21243739E-04
8.31189408E-02  3.43584232E-02  8.44821101E-04
8.43879323E-02  3.56441401E-02  8.02055758E-04
8.56569237E-02  3.82861383E-02  8.28206365E-04
8.69259152E-02  4.21064906E-02  8.72123055E-04
8.81949067E-02  4.70524170E-02  9.21710860E-04
8.94638981E-02  5.49507551E-02  1.01018557E-03
9.07328896E-02  6.62589818E-02  1.06440997E-03
9.20018810E-02  8.28812346E-02  1.20105117E-03
9.32708725E-02  1.00631379E-01  1.31177751E-03
9.45398640E-02  1.23319447E-01  1.42131967E-03
9.58088554E-02  1.37120470E-01  1.50509272E-03
9.70778469E-02  1.47743225E-01  1.53649319E-03
9.83468384E-02  1.51975393E-01  1.60508533E-03
9.96158298E-02  1.46523625E-01  1.50567992E-03
1.00884821E-01  1.34240925E-01  1.44120294E-03
1.02153813E-01  1.17486842E-01  1.37020787E-03
1.03422804E-01  9.90439653E-02  1.21409865E-03
1.04691796E-01  8.23491961E-02  1.14717393E-03
1.05960787E-01  6.83121085E-02  9.96964984E-04
1.07229779E-01  5.62594533E-02  9.15181125E-04
1.08498770E-01  4.98791635E-02  8.51919875E-04
1.09767762E-01  4.63297106E-02  8.21185473E-04
1.11036753E-01  4.19442765E-02  7.96665205E-04
1.12305744E-01  4.05063219E-02  7.38925184E-04
1.13574736E-01  3.84246521E-02  7.72675266E-04
1.14843727E-01  3.83822173E-02  7.51436921E-04
1.16112719E-01  3.64668667E-02  7.50817358E-04
1.17381710E-01  3.78661267E-02  7.73099135E-04
1.18650702E-01  3.46873552E-02  7.11610715E-04
1.19919693E-01  3.37823443E-02  7.07331521E-04
1.21188685E-01  3.45671922E-02  7.23607256E-04
1.22457676E-01  3.23951617E-02  6.99953584E-04
1.23726668E-01  3.19793597E-02  6.98839489E-04
1.24995659E-01  3.15864719E-02  6.82477548E-04
1.26264651E-01  3.17601413E-02  7.11945468E-04
1.27533642E-01  3.08455508E-02  6.97074865E-04
1.28802633E-01  3.17001343E-02  7.11150118E-04
1.30071625E-01  3.11572533E-02  7.22625467E-04
1.31340616E-01  3.03577445E-02  7.13741232E-04
1.32609608E-01  2.95541864E-02  7.19959731E-04
1.33878599E-01  3.02578919E-02  6.93432579E-04
1.35147591E-01  3.02177183E-02  7.20891927E-04
1.36416582E-01  3.03748753E-02  7.29844382E-04
1.37685574E-01  2.85816137E-02  7.08346779E-04
1.38954565E-01  2.91783605E-02  7.35921436E-04
1.40223557E-01  2.89720818E-02  6.85157662E-04
1.41492548E-01  2.89559420E-02  7.26372178E-04
1.42761540E-01  2.90631689E-02  7.29541993E-04
1.44030531E-01  2.99266949E-02  7.34066591E-04
1.45299522E-01  2.77006775E-02  7.17116578E-04
1.46568514E-01  2.93001421E-02  7.09996850E-04
1.47837505E-01  2.74620112E-02  6.91070047E-04
1.49106497E-01  2.89359465E-02  6.98714459E-04
1.50375488E-01  2.86898911E-02  6.93172566E-04
1.51644480E-01  2.89809182E-02  6.88823697E-04
1.52913471E-01  2.87537612E-02  6.70129375E-04
1.54182463E-01  2.72803474E-02  6.53225172E-04
1.55451454E-01  2.88795028E-02  6.64460007E-04
1.56720446E-01  2.89437231E-02  6.63988409E-04
1.57989437E-01  2.94087082E-02  6.78417564E-04
1.59258429E-01  2.82346494E-02  6.60898164E-04
1.60527420E-01  2.82099769E-02  6.49030670E-04
1.61796411E-01  2.87906844E-02  6.15912024E-04
1.63065403E-01  2.91415732E-02  6.28612353E-04
1.64334394E-01  3.06159519E-02  6.40052545E-04
1.65603386E-01  2.90289316E-02  6.19021361E-04
1.66872377E-01  2.90055089E-02  6.23795670E-04
1.68141369E-01  2.88844593E-02  5.81058674E-04
1.69410360E-01  2.92742252E-02  6.02459128E-04
1.70679352E-01  2.96986625E-02  6.06451300E-04
1.71948343E-01  3.06462459E-02  6.01250795E-04
1.73217335E-01  2.95038652E-02  5.95089048E-04
1.74486326E-01  2.93848384E-02  5.76159684E-04
1.75755318E-01  2.97451504E-02  5.90423762E-04
1.77024309E-01  3.02359015E-02  5.91715972E-04
1.78293300E-01  3.10585927E-02  5.75155078E-04
1.79562292E-01  3.13619971E-02  5.91411779E-04
1.80831283E-01  3.20262685E-02  5.88841503E-04
1.82100275E-01  3.18089984E-02  5.84655441E-04
1.83369266E-01  3.48283462E-02  6.20549603E-04
1.84638258E-01  3.42655145E-02  5.94770245E-04
1.85907249E-01  3.54024991E-02  6.10927760E-04
1.87176241E-01  3.73100936E-02  6.19942031E-04
1.88445232E-01  3.89561541E-02  6.32284791E-04
1.89714224E-01  4.19769660E-02  6.47718553E-04
1.90983215E-01  4.54689227E-02  6.82836573E-04
1.92252207E-01  4.83448021E-02  6.90851302E-04
1.93521198E-01  5.14623411E-02  7.17318966E-04
1.94790190E-01  5.21459244E-02  6.97327487E-04
1.96059181E-01  5.34068942E-02  7.16049050E-04
1.97328172E-01  5.27948961E-02  7.15406903E-04
1.98597164E-01  5.07996157E-02  7.02709309E-04
1.99866155E-01  4.91963178E-02  6.85600564E-04
2.01135147E-01  4.53031957E-02  6.44041633E-04
2.02404138E-01  4.08607163E-02  6.06225571E-04
2.03673130E-01  3.95311080E-02  6.01167791E-04
2.04942121E-01  3.63649838E-02  5.83503221E-04
2.06211113E-01  3.35621387E-02  5.46826632E-04
2.07480104E-01  3.26944701E-02  5.36621897E-04
2.08749096E-01  3.12641673E-02  5.33664774E-04
2.10018087E-01  3.02051362E-02  5.22403046E-04
2.11287079E-01  2.91573144E-02  5.02332055E-04
2.12556070E-01  2.94464268E-02  4.95892484E-04
2.13825061E-01  2.73254346E-02  4.89341270E-04
2.15094053E-01  2.68942080E-02  4.84808901E-04
2.16363044E-01  2.59115584E-02  4.77515568E-04
2.17632036E-01  2.59304531E-02  4.65922727E-04
2.18901027E-01  2.49554012E-02  4.59492177E-04
2.20170019E-01  2.51373164E-02  4.59584146E-04
2.21439010E-01  2.50273347E-02  4.60509036E-04
2.22708002E-01  2.42139529E-02  4.44999896E-04
2.23976993E-01  2.46071778E-02  4.50947846E-04
2.25245985E-01  2.39734259E-02  4.42594115E-04
2.26514976E-01  2.37782039E-02  4.43565019E-04
2.27783968E-01  2.35875640E-02  4.34811576E-04
2.29052959E-01  2.29316149E-02  4.27150837E-04
2.30321950E-01  2.23361533E-02  4.17452451E-04
2.31590942E-01  2.29309723E-02  4.34143672E-04
2.32859933E-01  2.26254687E-02  4.22652403E-04
2.34128925E-01  2.26182286E-02  4.19503747E-04
2.35397916E-01  2.16222052E-02  4.03994782E-04
2.36666908E-01  2.24383660E-02  4.20047756E-04
2.37935899E-01  2.18765922E-02  4.15424263E-04
2.39204891E-01  2.22335942E-02  4.04646154E-04
2.40473882E-01  2.18162686E-02  4.13321977E-04
2.41742874E-01  2.15381831E-02  4.03981510E-04
2.43011865E-01  2.16314830E-02  4.04115330E-04
2.44280857E-01  2.18067374E-02  4.06116276E-04
2.45549848E-01  2.21143626E-02  3.98594420E-04
2.46818839E-01  2.26170551E-02  4.10954613E-04
2.48087831E-01  2.09733006E-02  3.91994952E-04
2.49356822E-01  2.10967492E-02  3.95371637E-04
2.50625814E-01  2.15017907E-02  3.88596702E-04
2.51894805E-01  2.10113786E-02  3.88897635E-04
2.53163797E-01  2.02125218E-02  3.88048327E-04
2.54432788E-01  2.10247822E-02  3.85362975E-04
2.55701780E-01  2.08600517E-02  3.84575629E-04
2.56970771E-01  2.14159805E-02  3.84110259E-04
2.58239763E-01  2.11937893E-02  3.88843706E-04
2.59508754E-01  2.07378473E-02  3.83671693E-04
2.60777746E-01  2.04390362E-02  3.69602931E-04
2.62046737E-01  2.14616004E-02  3.89748660E-04
2.63315728E-01  2.05958169E-02  3.72124952E-04
2.64584720E-01  2.11798605E-02  3.85127787E-04
2.65853711E-01  2.13358328E-02  3.82913655E-04
2.67122703E-01  2.06496175E-02  3.62744671E-04
2.68391694E-01  2.05901451E-02  3.73865798E-04
2.69660686E-01  2.02555638E-02  3.68649373E-04
2.70929677E-01  2.08365601E-02  3.77565128E-04
2.72198669E-01  2.01128852E-02  3.65170505E-04
2.73467660E-01  2.05115676E-02  3.66095046E-04
2.74736652E-01  2.09238473E-02  3.78669967E-04
2.76005643E-01  1.98651943E-02  3.54743068E-04
2.77274635E-01  2.08275076E-02  3.66016262E-04
2.78543626E-01  2.08954886E-02  3.67750559E-04
2.79812618E-01  2.06447635E-02  3.62699735E-04
2.81081609E-01  2.02833489E-02  3.66812776E-04
2.82350600E-01  2.04249248E-02  3.55161086E-04
2.83619592E-01  2.09609699E-02  3.64492880E-04
2.84888583E-01  2.03655139E-02  3.56416218E-04
2.86157575E-01  2.03368030E-02  3.58969090E-04
2.87426566E-01  2.10009906E-02  3.63663625E-04
2.88695558E-01  2.04944015E-02  3.53024807E-04
2.89964549E-01  2.05465201E-02  3.59004131E-04
2.91233541E-01  2.09919754E-02  3.56435747E-04
2.92502532E-01  2.07726285E-02  3.54880467E-04
2.93771524E-01  2.07450762E-02  3.58188234E-04
2.95040515E-01  2.05819774E-02  3.58912657E-04
2.96309507E-01  2.08593197E-02  3.68945679E-04
2.97578498E-01  2.06682477E-02  3.60682432E-04
2.98847489E-01  2.08874680E-02  3.64740990E-04
3.00116481E-01  2.11216025E-02  3.66120948E-04
3.01385472E-01  2.06370484E-02  3.63661180E-04
3.02654464E-01  2.07344219E-02  3.72898590E-04
3.03923455E-01  2.08060723E-02  3.58292367E-04
3.05192447E-01  2.10588686E-02  3.71707662E-04
3.06461438E-01  2.10274663E-02  3.67868342E-04
3.07730430E-01  2.07249895E-02  3.64121544E-04
3.08999421E-01  2.08544694E-02  3.66045482E-04
3.10268413E-01  2.12010127E-02  3.66310589E-04
3.11537404E-01  2.05397271E-02  3.69818008E-04
3.12806396E-01  2.11947672E-02  3.67413217E-04
3.14075387E-01  2.17335168E-02  3.78651806E-04
3.15344378E-01  2.11967770E-02  3.62706371E-04
3.16613370E-01  2.09258087E-02  3.69752932E-04
3.17882361E-01  2.15503052E-02  3.72433831E-04
3.19151353E-01  2.07854249E-02  3.62029503E-04
3.20420344E-01  2.10902598E-02  3.68729787E-04
3.21689336E-01  2.10180972E-02  3.71998758E-04
3.22958327E-01  2.11027507E-02  3.75150761E-04
3.24227319E-01  2.17009466E-02  3.81149177E-04
3.25496310E-01  2.09683068E-02  3.72448500E-04
3.26765302E-01  2.04534680E-02  3.73344636E-04
3.28034293E-01  2.08885446E-02  3.74129857E-04
3.29303285E-01  2.17914190E-02  3.86063504E-04
3.30572276E-01  2.12363992E-02  3.77791119E-04
3.31841267E-01  2.11386625E-02  3.74117779E-04
3.33110259E-01  2.11973209E-02  3.87047592E-04
3.34379250E-01  2.15602424E-02  3.80027806E-04
3.35648242E-01  2.07644571E-02  3.86232161E-04
3.36917233E-01  2.12163683E-02  3.78662604E-04
3.38186225E-01  2.15261802E-02  3.84779007E-04
3.39455216E-01  2.14811396E-02  3.88482760E-04
3.40724208E-01  2.14060824E-02  3.82606027E-04
3.41993199E-01  2.18862016E-02  3.89453024E-04
3.43262191E-01  2.15715151E-02  3.85484949E-04
3.44531182E-01  2.12285873E-02  3.87463893E-04
3.45800174E-01  2.13631894E-02  3.89293215E-04
3.47069165E-01  2.18139160E-02  3.83735431E-04
3.48338156E-01  2.09446885E-02  3.84998246E-04
3.49607148E-01  2.10458823E-02  3.77608900E-04
3.50876139E-01  2.12018937E-02  3.86651984E-04
3.52145131E-01  2.14540716E-02  3.82823753E-04
3.53414122E-01  2.09299549E-02  3.80187179E-04
3.54683114E-01  2.12283526E-02  3.82067054E-04
3.55952105E-01  2.05094572E-02  3.77130898E-04
3.57221097E-01  2.07868572E-02  3.79898702E-04
3.58490088E-01  2.12048702E-02  3.82041471E-04
3.59759080E-01  2.05529183E-02  3.78180179E-04
3.61028071E-01  2.07805969E-02  3.78591620E-04
3.62297063E-01  2.13943534E-02  3.87086155E-04
3.63566054E-01  2.10510790E-02  3.88327404E-04
3.64835046E-01  2.08216906E-02  3.77047400E-04
3.66104037E-01  2.12483089E-02  3.90837406E-04
3.67373028E-01  2.10310295E-02  3.78813013E-04
3.68642020E-01  2.04932932E-02  3.81212099E-04
3.69911011E-01  2.04257201E-02  3.80021869E-04
3.71180003E-01  2.12190282E-02  3.87412350E-04
3.72448994E-01  1.99188963E-02  3.84809391E-04
3.73717986E-01  2.13606022E-02  3.82755796E-04
3.74986977E-01  2.15070508E-02  3.93982569E-04
3.76255969E-01  2.11460125E-02  3.85912484E-04
3.77524960E-01  2.11796500E-02  3.90042114E-04
3.78793952E-01  2.17301119E-02  3.96583171E-04
3.80062943E-01  2.16024984E-02  3.85725783E-04
3.81331935E-01  2.09311321E-02  3.92159942E-04
3.82600926E-01  2.08661612E-02  3.91189707E-04
3.83869917E-01  2.08295621E-02  3.96348769E-04
3.85138909E-01  2.09342409E-02  4.04905790E-04
3.86407900E-01  2.13255156E-02  4.02470556E-04
3.87676892E-01  2.10337993E-02  4.20312310E-04
3.88945883E-01  2.09866390E-02  4.05537197E-04
3.90214875E-01  2.15538200E-02  4.17403615E-04
3.91483866E-01  2.10566428E-02  4.19537071E-04
3.92752858E-01  2.06477419E-02  4.14376962E-04
3.94021849E-01  2.14120522E-02  4.25938109E-04
3.95290841E-01  2.17280556E-02  4.26673621E-04
3.96559832E-01  2.14303806E-02  4.31863999E-04
3.97828824E-01  2.14019958E-02  4.36230912E-04
3.99097815E-01  2.06665471E-02  4.39705036E-04
4.00366806E-01  2.13342831E-02  4.52347886E-04
4.01635798E-01  2.20777225E-02  4.71362058E-04
4.02904789E-01  2.18153652E-02  4.82169969E-04
4.04173781E-01  2.17351485E-02  4.68626386E-04
4.05442772E-01  2.21571606E-02  4.86711971E-04
4.06711764E-01  2.14691367E-02  4.81107185E-04
4.07980755E-01  2.10933946E-02  4.92245192E-04
4.09249747E-01  2.16427408E-02  5.05159376E-04
4.10518738E-01  2.12599318E-02  4.95218788E-04
4.11787730E-01  2.17532050E-02  5.20737027E-04
4.13056721E-01  2.05202326E-02  4.96385386E-04
4.14325713E-01  2.17329171E-02  5.25545271E-04
4.15594704E-01  2.12659910E-02  5.18945395E-04
4.16863695E-01  2.10509244E-02  5.30201418E-04
4.18132687E-01  2.10216418E-02  5.44928538E-04
4.19401678E-01  2.06012726E-02  5.20564383E-04
4.20670670E-01  2.11912785E-02  5.50940866E-04
4.21939661E-01  2.06578020E-02  5.44210023E-04
4.23208653E-01  2.20976043E-02  5.76736056E-04
4.24477644E-01  2.08007582E-02  5.57521998E-04
4.25746636E-01  2.13676058E-02  5.65905182E-04
4.27015627E-01  2.13140938E-02  5.85179077E-04
4.28284619E-01  2.22556554E-02  5.90924348E-04
4.29553610E-01  2.17355713E-02  6.07131456E-04
4.30822602E-01  2.04788186E-02  5.77894738E-04
4.32091593E-01  2.12252382E-02  6.07861613E-04
4.33360584E-01  2.06646025E-02  6.04941335E-04
4.34629576E-01  2.13741511E-02  6.22494263E-04
4.35898567E-01  2.07883026E-02  6.26882422E-04
4.37167559E-01  2.11076587E-02  6.21874235E-04
4.38436550E-01  2.13692132E-02  6.78161567E-04
4.39705542E-01  2.09202450E-02  6.33733522E-04
4.40974533E-01  2.16270089E-02  6.68386114E-04
4.42243525E-01  2.20317412E-02  6.97559444E-04
4.43512516E-01  2.19884496E-02  6.65331376E-04
4.44781508E-01  2.18584407E-02  7.14184658E-04
4.46050499E-01  2.02509332E-02  6.75076619E-04
4.47319491E-01  2.12609153E-02  7.12022418E-04
4.48588482E-01  2.12335009E-02  7.33259076E-04
4.49857473E-01  2.19193846E-02  7.29680352E-04
4.51126465E-01  2.17689630E-02  7.51432090E-04
4.52395456E-01  2.09081359E-02  7.47962040E-04
4.53664448E-01  2.31992174E-02  7.96544016E-04
4.54933439E-01  2.12144516E-02  7.72351341E-04
4.56202431E-01  2.11599413E-02  8.10662401E-04
4.57471422E-01  2.15623118E-02  8.08347133E-04
4.58740414E-01  2.20189877E-02  8.32674035E-04
4.60009405E-01  2.09651031E-02  8.34352337E-04
4.61278397E-01  1.93322040E-02  8.15892417E-04
4.62547388E-01  2.01508757E-02  8.46722105E-04
4.63816380E-01  1.99968964E-02  8.80768406E-04
4.65085371E-01  2.06387527E-02  8.95214558E-04
4.66354363E-01  2.27200706E-02  9.66003281E-04
4.67623354E-01  2.15243306E-02  9.55750234E-04
4.68892345E-01  2.00353358E-02  9.40975791E-04
4.70161337E-01  1.98754556E-02  9.92179033E-04
4.71430328E-01  2.19941419E-02  1.02536695E-03
4.72699320E-01  2.14396548E-02  1.08391279E-03
4.73968311E-01  2.00624652E-02  1.06761535E-03
4.75237303E-01  2.21131481E-02  1.14478113E-03
4.76506294E-01  2.08382886E-02  1.15019165E-03
4.77775286E-01  2.10852530E-02  1.20723690E-03
4.79044277E-01  2.19160095E-02  1.27588527E-03
4.80313269E-01  2.36728303E-02  1.36215240E-03
4.81582260E-01  2.17953008E-02  1.40939793E-03
4.82851252E-01  2.33193748E-02  1.43504841E-03
4.84120243E-01  2.29228996E-02  1.56292494E-03
4.85389234E-01  2.27820575E-02  1.58330088E-03
4.86658226E-01  2.13145297E-02  1.60968665E-03
4.87927217E-01  2.36326773E-02  1.75657647E-03
4.89196209E-01  2.36092210E-02  1.93999393E-03
4.90465200E-01  2.32815295E-02  1.95355411E-03
4.91734192E-01  2.00052690E-02  2.01994576E-03
4.93003183E-01  1.96888279E-02  2.17426731E-03
4.94272175E-01  2.35085227E-02  2.50585866E-03
4.95541166E-01  2.15557050E-02  2.63316371E-03
4.96810158E-01  2.12549716E-02  2.76716170E-03
4.98079149E-01  1.84946507E-02  2.95394962E-03
4.99348141E-01  1.53876590E-02  2.83634779E-03
5.00617132E-01  2.37830039E-02  3.80832842E-03
5.01886123E-01  2.19554715E-02  3.65924509E-03
5.03155115E-01  2.99542360E-02  5.21210721E-03
5.04424106E-01  2.97365710E-02  5.42913051E-03
5.05693098E-01  1.74469575E-02  5.26045589E-03
5.06962089E-01  9.91389528E-03  5.24593983E-03
5.08231081E-01  2.37954650E-02  1.37383183E-02
5.09500072E-01  0.00000000E+00  0.00000000E+00
5.10769064E-01  0.00000000E+00  0.00000000E+00
5.12038055E-01  0.00000000E+00  0.00000000E+00
5.13307047E-01  0.00000000E+00  0.00000000E+00


### HEADER:
#
#{
#    "analysis": {
#        "uvvis": {
#            "UVDarkTransmission": 1.0,
#            "UVPathlength": 1.5,
#            "UVTransmission": 1.0
#        }
#    },
#    "calibration_params": {
#        "Beam_Center_X": 316.5,
#        "Beam_Center_Y": 253.5,
#        "Detector Tilt": 0.0,
#        "Detector Tilt Plane Rotation": 0.0,
#        "Detector_X_Pixel_Size": 172.0,
#        "Detector_Y_Pixel_Size": 172.0,
#        "Integration Method": "nosplit_csr",
#        "Radial_Average_Method": "pyFAI",
#        "Sample-to-detector distance (mm)": 632.5,
#        "Wavelength (A)": 1.3403697127913543
#    },
#    "config_file": null,
#    "counters": {},
#    "filename": "11804_A1_Lecithin_007_c.tiff",
#    "history": {},
#    "imageHeader": {
#        "AFTER": 162584490.0,
#        "BEFORE": 162584490.0,
#        "IC": 162584490.0,
#        "Img.ImgType": "2D",
#        "Img.Site": "TUM",
#        "Meas.Description": "Lecithin",
#        "aquire_timestamp": "Wed Mar 01 12:33:02 2023",
#        "beam_x": 316.33,
#        "beam_y": 231.94,
#        "beamcenter_actual": "316.33    231.94",
#        "beamcenter_nominal": "316.33    231.94",
#        "bstop": 32.0,
#        "calibrationtype": "geom",
#        "configuraton_number": 2.0,
#        "data_added_constant": 0.0,
#        "data_multiplied_constant": 1.0,
#        "dataset_comments": "Lecithin",
#        "datatype": "tiff",
#        "det_count_cutoff": 1147717.0,
#        "det_excluded_pixels": "badpix_mask.tif",
#        "det_exposure_period": 62.0,
#        "det_exposure_time": 60.0,
#        "det_flat_field": "(nil)",
#        "det_n_excluded_pixels": 30.0,
#        "det_pixel_size": "172e-6 172e-6",
#        "det_tau": 0.0,
#        "det_thickness": 0.00045,
#        "det_threshold_setting": 4024.0,
#        "det_trim_directory": "p3-0242_E8048_T4024.bin",
#        "detector_dist": 650.0,
#        "detector_function": "saxs",
#        "detector_sn": "dec1174",
#        "detectortype": "Pilatus",
#        "detx": 525.0,
#        "dety": 1.371563,
#        "detz": 0.0,
#        "dxdont": 525.0,
#        "error_norm_fact": 1.0,
#        "exposure_time": 60.0,
#        "flatfield_applied": 0.0,
#        "hg1": 2.5,
#        "hg2": 1.05,
#        "hg3": 0.0,
#        "hp1": 0.0,
#        "hp2": 0.0,
#        "hp3": 0.0,
#        "integration_time": 60.0,
#        "livetime": 60.0,
#        "log": "log",
#        "pd": 0.0,
#        "photons_per_100adu": 100.0,
#        "pixelsize": "0.172 0.172",
#        "pixelsize_x": 172.0,
#        "pixelsize_y": 172.0,
#        "reduction_type": "s",
#        "sample_ID": "p 8 10",
#        "sample_angle1": 0.0,
#        "sample_bio_cell_temp": 25.0,
#        "sample_bio_code": "None",
#        "sample_bio_run_number": 1.0,
#        "sample_bio_sample": "p 8 10",
#        "sample_bio_uv_dark": 1.0,
#        "sample_bio_uv_pathlength": 1.5,
#        "sample_bio_uv_trans": 1.0,
#        "sample_concentration": 1.0,
#        "sample_transfact": 1.0,
#        "sample_ypos": 2.5,
#        "sample_zpos": 68.9,
#        "saturated_value": 1147717.0,
#        "saxsconf_Ieff": 1.0,
#        "saxsconf_Imon": 162584490.0,
#        "saxsconf_Itrans": 162584490.0,
#        "saxsconf_Izero": 162584490.0,
#        "saxsconf_det_offx": 0.0,
#        "saxsconf_det_offy": 0.0,
#        "saxsconf_det_pixsizey": 0.172,
#        "saxsconf_det_pixsizez": 0.172,
#        "saxsconf_det_rotx": 0.0,
#        "saxsconf_det_roty": 0.0,
#        "saxsconf_dwavelength": 0.004,
#        "saxsconf_l1": 725.0,
#        "saxsconf_l2": 400.0,
#        "saxsconf_l3": 200.0,
#        "saxsconf_r1": 1.25,
#        "saxsconf_r2": 0.525,
#        "saxsconf_r3": 0.0,
#        "saxsconf_wavelength": 1.3428,
#        "solz": 0.0,
#        "source_kV": 0.0,
#        "source_ma": 0.0,
#        "source_type": "EXCILLUMMETALJET",
#        "start_timestamp": "Wed Mar 01 12:33:02 2023",
#        "thsam": 0.0,
#        "vg1": 2.5,
#        "vg2": 1.05,
#        "vg3": 0.0,
#        "vp1": 0.0,
#        "vp2": 0.0,
#        "vp3": 0.0,
#        "wavelength": 1.3428,
#        "xaxisbintype": "lin",
#        "zinger_removal": 0.0,
#        "zsam": 68.9
#    },
#    "load_path": "/home/saxslab/BIODATA/Users/Course_010323/P4/11804_A1_Lecithin_007_c.tiff",
#    "normalizations": {
#        "Absolute_scale": {
#            "Absolute_scale_factor": 0.7601938,
#            "Method": "Water"
#        },
#        "Counter_norms": [
#            [
#                "/",
#                "exposure_time"
#            ],
#            [
#                "/",
#                "saxsconf_Izero/1e8"
#            ]
#        ],
#        "Polarization": {
#            "Used": false
#        },
#        "Solid_Angle_Correction": "On"
#    },
#    "raw_version": "2.1.4"
#}

