### DATA:
#
# 393
#      Q             I(Q)           Error     
1.58623933E-02  7.55722582E-01  8.58775713E-03
1.71313847E-02  3.90353769E-01  5.75545197E-03
1.84003762E-02  2.48319015E-01  4.69362643E-03
1.96693677E-02  1.82003602E-01  3.84724583E-03
2.09383591E-02  1.46384075E-01  3.52451438E-03
2.22073506E-02  1.15416154E-01  2.74024741E-03
2.34763421E-02  1.00587562E-01  2.64795823E-03
2.47453335E-02  8.77013803E-02  2.38869921E-03
2.60143250E-02  7.93740004E-02  2.16671615E-03
2.72833164E-02  7.24128336E-02  2.17054086E-03
2.85523079E-02  6.41178787E-02  1.76881126E-03
2.98212994E-02  6.03399985E-02  1.83438987E-03
3.10902908E-02  5.74770942E-02  1.71822391E-03
3.23592823E-02  5.35736643E-02  1.65885792E-03
3.36282738E-02  5.00657149E-02  1.56455056E-03
3.48972652E-02  4.73437570E-02  1.40220101E-03
3.61662567E-02  4.68900651E-02  1.44294137E-03
3.74352481E-02  4.43000235E-02  1.37170777E-03
3.87042396E-02  4.16411571E-02  1.34396250E-03
3.99732311E-02  4.11859825E-02  1.26861234E-03
4.12422225E-02  4.05406319E-02  1.23361207E-03
4.25112140E-02  3.80442888E-02  1.20669161E-03
4.37802055E-02  3.77383754E-02  1.16853265E-03
4.50491969E-02  3.71241458E-02  1.15899765E-03
4.63181884E-02  3.55737954E-02  1.09522464E-03
4.75871798E-02  3.38793248E-02  1.05976220E-03
4.88561713E-02  3.40885222E-02  1.11242686E-03
5.01251628E-02  3.33921202E-02  9.94675327E-04
5.13941542E-02  3.28357667E-02  9.78971832E-04
5.26631457E-02  3.29721905E-02  1.00377481E-03
5.39321372E-02  3.21803652E-02  9.77402437E-04
5.52011286E-02  3.11061572E-02  9.99781303E-04
5.64701201E-02  3.10032926E-02  8.94972938E-04
5.77391115E-02  3.04856095E-02  9.39454709E-04
5.90081030E-02  3.06301899E-02  9.20592225E-04
6.02770945E-02  3.01705692E-02  9.08847665E-04
6.15460859E-02  3.05762049E-02  9.02773056E-04
6.28150774E-02  3.02143488E-02  8.60783271E-04
6.40840689E-02  2.86424961E-02  8.88553041E-04
6.53530603E-02  2.94772964E-02  8.45649163E-04
6.66220518E-02  2.94291899E-02  8.62199173E-04
6.78910432E-02  2.89814584E-02  7.95563625E-04
6.91600347E-02  2.96530183E-02  8.28478660E-04
7.04290262E-02  2.87620500E-02  8.30270641E-04
7.16980176E-02  2.92211380E-02  7.99722387E-04
7.29670091E-02  2.99731623E-02  8.03646399E-04
7.42360006E-02  2.82682925E-02  7.78895454E-04
7.55049920E-02  2.81837676E-02  7.77458539E-04
7.67739835E-02  2.90683415E-02  8.00074078E-04
7.80429750E-02  2.96518300E-02  7.54858018E-04
7.93119664E-02  2.93902252E-02  7.76629371E-04
8.05809579E-02  2.96404026E-02  7.63012853E-04
8.18499493E-02  2.90329400E-02  7.59545481E-04
8.31189408E-02  3.22187208E-02  8.19673296E-04
8.43879323E-02  3.00133768E-02  7.39086070E-04
8.56569237E-02  3.26406695E-02  7.66156532E-04
8.69259152E-02  3.51131111E-02  7.98226276E-04
8.81949067E-02  3.79704684E-02  8.29963421E-04
8.94638981E-02  4.40402105E-02  9.05784837E-04
9.07328896E-02  4.99512479E-02  9.25023109E-04
9.20018810E-02  6.06432073E-02  1.02829421E-03
9.32708725E-02  7.74646029E-02  1.15196162E-03
9.45398640E-02  1.03045307E-01  1.30041805E-03
9.58088554E-02  1.24360129E-01  1.43464864E-03
9.70778469E-02  1.45225376E-01  1.52472302E-03
9.83468384E-02  1.57803968E-01  1.63705519E-03
9.96158298E-02  1.64009929E-01  1.59443496E-03
1.00884821E-01  1.61672235E-01  1.58304512E-03
1.02153813E-01  1.45859778E-01  1.52810256E-03
1.03422804E-01  1.24375805E-01  1.36176078E-03
1.04691796E-01  1.00557342E-01  1.26881816E-03
1.05960787E-01  8.33911225E-02  1.10251328E-03
1.07229779E-01  6.42489344E-02  9.78763332E-04
1.08498770E-01  5.52900471E-02  8.97986931E-04
1.09767762E-01  4.66176905E-02  8.24607501E-04
1.11036753E-01  4.33224812E-02  8.09942896E-04
1.12305744E-01  3.92571576E-02  7.27858569E-04
1.13574736E-01  3.72980908E-02  7.61977630E-04
1.14843727E-01  3.65681350E-02  7.34156871E-04
1.16112719E-01  3.50474492E-02  7.38038332E-04
1.17381710E-01  3.45721990E-02  7.40952091E-04
1.18650702E-01  3.44736837E-02  7.09176646E-04
1.19919693E-01  3.23515125E-02  6.92728558E-04
1.21188685E-01  3.16822529E-02  6.94000977E-04
1.22457676E-01  3.07608470E-02  6.84234314E-04
1.23726668E-01  3.18696983E-02  6.97614450E-04
1.24995659E-01  3.06281317E-02  6.72855123E-04
1.26264651E-01  3.05309724E-02  6.98217598E-04
1.27533642E-01  2.96458919E-02  6.84263883E-04
1.28802633E-01  2.90459488E-02  6.82154030E-04
1.30071625E-01  3.09464652E-02  7.20458280E-04
1.31340616E-01  2.91601364E-02  7.00451783E-04
1.32609608E-01  2.94506829E-02  7.19996286E-04
1.33878599E-01  3.04397848E-02  6.96502626E-04
1.35147591E-01  2.86096856E-02  7.03441154E-04
1.36416582E-01  2.82837357E-02  7.05741113E-04
1.37685574E-01  2.96977460E-02  7.22807366E-04
1.38954565E-01  2.89718620E-02  7.35156704E-04
1.40223557E-01  2.80554481E-02  6.75286574E-04
1.41492548E-01  2.79587936E-02  7.14746828E-04
1.42761540E-01  2.95359157E-02  7.37000199E-04
1.44030531E-01  2.71298364E-02  7.01380952E-04
1.45299522E-01  2.93919202E-02  7.39865180E-04
1.46568514E-01  2.89245639E-02  7.06721679E-04
1.47837505E-01  2.85818372E-02  7.05534127E-04
1.49106497E-01  2.81139892E-02  6.89398032E-04
1.50375488E-01  2.78582517E-02  6.83535764E-04
1.51644480E-01  2.77166553E-02  6.73795410E-04
1.52913471E-01  2.75311004E-02  6.57521829E-04
1.54182463E-01  2.75784861E-02  6.57172059E-04
1.55451454E-01  2.77733114E-02  6.52976159E-04
1.56720446E-01  2.66062617E-02  6.37081277E-04
1.57989437E-01  2.75341105E-02  6.56858145E-04
1.59258429E-01  2.71488186E-02  6.48586953E-04
1.60527420E-01  2.78315190E-02  6.44103857E-04
1.61796411E-01  2.79636271E-02  6.08739094E-04
1.63065403E-01  2.66457405E-02  6.02148240E-04
1.64334394E-01  2.74948087E-02  6.08277507E-04
1.65603386E-01  2.80447491E-02  6.08932402E-04
1.66872377E-01  2.84306929E-02  6.17468380E-04
1.68141369E-01  2.78775375E-02  5.71896613E-04
1.69410360E-01  2.71310899E-02  5.81062399E-04
1.70679352E-01  2.86946893E-02  5.95477817E-04
1.71948343E-01  2.78389193E-02  5.75230340E-04
1.73217335E-01  2.89472509E-02  5.91105199E-04
1.74486326E-01  2.96516158E-02  5.79278741E-04
1.75755318E-01  2.91567966E-02  5.86050912E-04
1.77024309E-01  2.92405803E-02  5.83505200E-04
1.78293300E-01  2.86486112E-02  5.53795893E-04
1.79562292E-01  3.05741411E-02  5.84718364E-04
1.80831283E-01  2.98533496E-02  5.68755844E-04
1.82100275E-01  3.09555139E-02  5.77217957E-04
1.83369266E-01  3.09900325E-02  5.87633986E-04
1.84638258E-01  3.10636684E-02  5.66572358E-04
1.85907249E-01  3.22691463E-02  5.83344779E-04
1.87176241E-01  3.33721749E-02  5.87012270E-04
1.88445232E-01  3.39737721E-02  5.91940538E-04
1.89714224E-01  3.54377963E-02  5.96454367E-04
1.90983215E-01  3.83205786E-02  6.27784000E-04
1.92252207E-01  4.10405137E-02  6.37225399E-04
1.93521198E-01  4.63709570E-02  6.81336678E-04
1.94790190E-01  4.87657599E-02  6.75091927E-04
1.96059181E-01  5.27150929E-02  7.11976201E-04
1.97328172E-01  5.69694638E-02  7.43888959E-04
1.98597164E-01  5.73759824E-02  7.47478567E-04
1.99866155E-01  5.69031164E-02  7.38006376E-04
2.01135147E-01  5.46162911E-02  7.07692874E-04
2.02404138E-01  5.16340695E-02  6.81819743E-04
2.03673130E-01  4.70933653E-02  6.56484975E-04
2.04942121E-01  4.33892198E-02  6.37869351E-04
2.06211113E-01  3.87388691E-02  5.87828516E-04
2.07480104E-01  3.60791907E-02  5.64148650E-04
2.08749096E-01  3.29104438E-02  5.47592936E-04
2.10018087E-01  3.16099189E-02  5.34605177E-04
2.11287079E-01  3.04692481E-02  5.13700361E-04
2.12556070E-01  3.01912166E-02  5.02623909E-04
2.13825061E-01  2.83494871E-02  4.98422014E-04
2.15094053E-01  2.81471126E-02  4.95326531E-04
2.16363044E-01  2.77685281E-02  4.93112719E-04
2.17632036E-01  2.68900655E-02  4.74373344E-04
2.18901027E-01  2.62197275E-02  4.70956031E-04
2.20170019E-01  2.52990015E-02  4.62207361E-04
2.21439010E-01  2.47964896E-02  4.58220369E-04
2.22708002E-01  2.53941305E-02  4.55390953E-04
2.23976993E-01  2.48965435E-02  4.53529763E-04
2.25245985E-01  2.42259614E-02  4.44561301E-04
2.26514976E-01  2.36335658E-02  4.42340388E-04
2.27783968E-01  2.33064685E-02  4.33301815E-04
2.29052959E-01  2.35361326E-02  4.32613713E-04
2.30321950E-01  2.29219999E-02  4.23117948E-04
2.31590942E-01  2.28510797E-02  4.34703863E-04
2.32859933E-01  2.31104251E-02  4.28898929E-04
2.34128925E-01  2.26362310E-02  4.20193770E-04
2.35397916E-01  2.24154424E-02  4.11290297E-04
2.36666908E-01  2.22403537E-02  4.17627685E-04
2.37935899E-01  2.28687525E-02  4.25158272E-04
2.39204891E-01  2.18537338E-02  4.02456208E-04
2.40473882E-01  2.25127470E-02  4.18486394E-04
2.41742874E-01  2.13767812E-02  4.03895508E-04
2.43011865E-01  2.16039773E-02  4.04032849E-04
2.44280857E-01  2.12598015E-02  4.01672180E-04
2.45549848E-01  2.10315045E-02  3.89707973E-04
2.46818839E-01  2.07459442E-02  3.95621057E-04
2.48087831E-01  2.09826156E-02  3.92246846E-04
2.49356822E-01  2.11785920E-02  3.98019271E-04
2.50625814E-01  2.09973957E-02  3.84901417E-04
2.51894805E-01  2.18011942E-02  3.94949922E-04
2.53163797E-01  2.15995498E-02  4.00176534E-04
2.54432788E-01  2.09383871E-02  3.85875028E-04
2.55701780E-01  2.21079923E-02  3.95439944E-04
2.56970771E-01  2.10430790E-02  3.81894875E-04
2.58239763E-01  2.11554188E-02  3.89047636E-04
2.59508754E-01  2.08240729E-02  3.85998108E-04
2.60777746E-01  2.10241657E-02  3.75241041E-04
2.62046737E-01  2.08885521E-02  3.85907973E-04
2.63315728E-01  2.05019433E-02  3.72337032E-04
2.64584720E-01  2.05381885E-02  3.81087972E-04
2.65853711E-01  2.06209477E-02  3.76821263E-04
2.67122703E-01  2.14802641E-02  3.71050730E-04
2.68391694E-01  2.07930896E-02  3.76530428E-04
2.69660686E-01  2.07679458E-02  3.73205810E-04
2.70929677E-01  2.08942760E-02  3.76779935E-04
2.72198669E-01  2.05281507E-02  3.67742759E-04
2.73467660E-01  2.07592398E-02  3.68474051E-04
2.74736652E-01  2.06074752E-02  3.76043521E-04
2.76005643E-01  2.10660547E-02  3.63955245E-04
2.77274635E-01  2.05256455E-02  3.64515785E-04
2.78543626E-01  2.03528982E-02  3.64014588E-04
2.79812618E-01  2.02605706E-02  3.59581725E-04
2.81081609E-01  2.06170063E-02  3.69512301E-04
2.82350600E-01  2.06186622E-02  3.57384153E-04
2.83619592E-01  2.08510496E-02  3.63224361E-04
2.84888583E-01  2.07481980E-02  3.58912279E-04
2.86157575E-01  2.05279309E-02  3.61257262E-04
2.87426566E-01  2.05460154E-02  3.61181417E-04
2.88695558E-01  2.16599479E-02  3.62966821E-04
2.89964549E-01  1.99844390E-02  3.55102471E-04
2.91233541E-01  2.01562010E-02  3.49434064E-04
2.92502532E-01  2.07747146E-02  3.55227065E-04
2.93771524E-01  2.06377767E-02  3.57208570E-04
2.95040515E-01  2.08267253E-02  3.60803213E-04
2.96309507E-01  2.08462197E-02  3.68627720E-04
2.97578498E-01  2.09570620E-02  3.62892868E-04
2.98847489E-01  2.10797936E-02  3.65975924E-04
3.00116481E-01  2.10854542E-02  3.66521883E-04
3.01385472E-01  2.05313656E-02  3.62082996E-04
3.02654464E-01  2.09754240E-02  3.76330921E-04
3.03923455E-01  2.09281612E-02  3.59598955E-04
3.05192447E-01  2.04802826E-02  3.68033157E-04
3.06461438E-01  2.09148079E-02  3.67194094E-04
3.07730430E-01  2.09993087E-02  3.66850727E-04
3.08999421E-01  2.12735720E-02  3.68886569E-04
3.10268413E-01  2.05984022E-02  3.60656675E-04
3.11537404E-01  2.03825571E-02  3.68841225E-04
3.12806396E-01  2.14750692E-02  3.68966081E-04
3.14075387E-01  2.16433890E-02  3.78673954E-04
3.15344378E-01  2.07867026E-02  3.59144091E-04
3.16613370E-01  2.12178882E-02  3.70967202E-04
3.17882361E-01  2.13488173E-02  3.71871487E-04
3.19151353E-01  2.10067444E-02  3.63407889E-04
3.20420344E-01  2.12918483E-02  3.70145193E-04
3.21689336E-01  2.11268160E-02  3.72617040E-04
3.22958327E-01  2.10563503E-02  3.73965508E-04
3.24227319E-01  2.05138735E-02  3.70926660E-04
3.25496310E-01  2.12060940E-02  3.74068215E-04
3.26765302E-01  2.11679898E-02  3.80626589E-04
3.28034293E-01  2.11290326E-02  3.76116397E-04
3.29303285E-01  2.13363953E-02  3.81882914E-04
3.30572276E-01  2.13669259E-02  3.79673264E-04
3.31841267E-01  2.16701850E-02  3.79041740E-04
3.33110259E-01  2.12772917E-02  3.88119981E-04
3.34379250E-01  2.07988266E-02  3.74157855E-04
3.35648242E-01  2.16069855E-02  3.93647177E-04
3.36917233E-01  2.12017186E-02  3.80159530E-04
3.38186225E-01  2.12353580E-02  3.82940721E-04
3.39455216E-01  2.08453871E-02  3.84407787E-04
3.40724208E-01  2.10377090E-02  3.78621480E-04
3.41993199E-01  2.06517130E-02  3.80398269E-04
3.43262191E-01  2.09485479E-02  3.81546532E-04
3.44531182E-01  2.05892511E-02  3.82830127E-04
3.45800174E-01  2.14783605E-02  3.91668174E-04
3.47069165E-01  2.12708395E-02  3.80131067E-04
3.48338156E-01  2.14261077E-02  3.90028552E-04
3.49607148E-01  2.18486302E-02  3.85527615E-04
3.50876139E-01  2.07990743E-02  3.82847560E-04
3.52145131E-01  2.06299964E-02  3.76926473E-04
3.53414122E-01  2.09006742E-02  3.79748177E-04
3.54683114E-01  2.08573025E-02  3.78794270E-04
3.55952105E-01  2.10629813E-02  3.82911472E-04
3.57221097E-01  2.12179273E-02  3.84735060E-04
3.58490088E-01  2.13638172E-02  3.83026170E-04
3.59759080E-01  2.12646667E-02  3.85605555E-04
3.61028071E-01  2.09463630E-02  3.80653684E-04
3.62297063E-01  2.13919990E-02  3.87847627E-04
3.63566054E-01  2.13274974E-02  3.91296868E-04
3.64835046E-01  2.10132170E-02  3.80913873E-04
3.66104037E-01  2.03160085E-02  3.84015992E-04
3.67373028E-01  2.12155208E-02  3.81013058E-04
3.68642020E-01  2.09874064E-02  3.85650346E-04
3.69911011E-01  2.12864354E-02  3.86300439E-04
3.71180003E-01  2.10846290E-02  3.86262516E-04
3.72448994E-01  2.15729382E-02  3.98434757E-04
3.73717986E-01  2.10563038E-02  3.81675636E-04
3.74986977E-01  2.09749173E-02  3.89115245E-04
3.76255969E-01  2.14051921E-02  3.88884655E-04
3.77524960E-01  2.14905683E-02  3.91934125E-04
3.78793952E-01  2.06401497E-02  3.89025314E-04
3.80062943E-01  2.13243514E-02  3.84355168E-04
3.81331935E-01  2.10049432E-02  3.93591414E-04
3.82600926E-01  2.11327188E-02  3.94303439E-04
3.83869917E-01  2.15299707E-02  4.03365790E-04
3.85138909E-01  2.05217116E-02  4.00505553E-04
3.86407900E-01  2.14013029E-02  4.02856618E-04
3.87676892E-01  2.17627715E-02  4.28636587E-04
3.88945883E-01  2.15402562E-02  4.13496047E-04
3.90214875E-01  2.16245018E-02  4.18757932E-04
3.91483866E-01  2.16972511E-02  4.24767786E-04
3.92752858E-01  2.11797599E-02  4.19068296E-04
3.94021849E-01  2.09769141E-02  4.22967016E-04
3.95290841E-01  2.10202020E-02  4.21329954E-04
3.96559832E-01  2.10265256E-02  4.28691797E-04
3.97828824E-01  2.10915562E-02  4.35711001E-04
3.99097815E-01  2.11495124E-02  4.44146135E-04
4.00366806E-01  2.05948688E-02  4.46525461E-04
4.01635798E-01  2.23254282E-02  4.74901666E-04
4.02904789E-01  2.15207301E-02  4.80780611E-04
4.04173781E-01  2.10226402E-02  4.62332711E-04
4.05442772E-01  2.08884571E-02  4.74977569E-04
4.06711764E-01  2.17290968E-02  4.82667820E-04
4.07980755E-01  2.10418627E-02  4.91987274E-04
4.09249747E-01  2.06030030E-02  4.95152781E-04
4.10518738E-01  2.05937047E-02  4.86694014E-04
4.11787730E-01  2.07687840E-02  5.10453596E-04
4.13056721E-01  2.14741901E-02  5.08547062E-04
4.14325713E-01  2.12257933E-02  5.19269204E-04
4.15594704E-01  2.06996817E-02  5.11911465E-04
4.16863695E-01  2.09461153E-02  5.27813390E-04
4.18132687E-01  2.09908877E-02  5.44699375E-04
4.19401678E-01  2.18699686E-02  5.34901221E-04
4.20670670E-01  2.09653266E-02  5.48244279E-04
4.21939661E-01  2.09193975E-02  5.48068841E-04
4.23208653E-01  2.04923563E-02  5.58021420E-04
4.24477644E-01  2.09696703E-02  5.58531610E-04
4.25746636E-01  2.05247793E-02  5.57330088E-04
4.27015627E-01  2.05653515E-02  5.78789448E-04
4.28284619E-01  2.14312971E-02  5.83271787E-04
4.29553610E-01  2.11936031E-02  6.00241066E-04
4.30822602E-01  2.23172233E-02  6.01754757E-04
4.32091593E-01  1.99228767E-02  5.94475830E-04
4.33360584E-01  2.02876404E-02  6.02336193E-04
4.34629576E-01  2.15717331E-02  6.23371685E-04
4.35898567E-01  2.14172807E-02  6.35852979E-04
4.37167559E-01  2.14487296E-02  6.23764005E-04
4.38436550E-01  1.96500756E-02  6.52426796E-04
4.39705542E-01  2.16704831E-02  6.43676496E-04
4.40974533E-01  2.12444961E-02  6.60807535E-04
4.42243525E-01  2.15744320E-02  6.88379281E-04
4.43512516E-01  2.28036325E-02  6.81780046E-04
4.44781508E-01  2.13750191E-02  7.04920851E-04
4.46050499E-01  2.10746266E-02  6.88555068E-04
4.47319491E-01  2.07640212E-02  7.04906124E-04
4.48588482E-01  2.16182414E-02  7.38325354E-04
4.49857473E-01  2.22213492E-02  7.38352595E-04
4.51126465E-01  2.22680457E-02  7.60549388E-04
4.52395456E-01  2.14965194E-02  7.61146192E-04
4.53664448E-01  2.30257828E-02  7.95255241E-04
4.54933439E-01  2.11703870E-02  7.68357946E-04
4.56202431E-01  2.27211248E-02  8.42956943E-04
4.57471422E-01  2.08921488E-02  8.01138114E-04
4.58740414E-01  2.12854091E-02  8.22627626E-04
4.60009405E-01  2.06784457E-02  8.26991047E-04
4.61278397E-01  2.26566177E-02  8.80411128E-04
4.62547388E-01  2.26195790E-02  8.91961798E-04
4.63816380E-01  2.10140143E-02  9.01512802E-04
4.65085371E-01  2.10911594E-02  9.04737506E-04
4.66354363E-01  2.13057920E-02  9.38601908E-04
4.67623354E-01  1.93527583E-02  9.16639226E-04
4.68892345E-01  2.14068536E-02  9.73659102E-04
4.70161337E-01  2.11196672E-02  1.02520781E-03
4.71430328E-01  2.25529727E-02  1.04121491E-03
4.72699320E-01  2.04072352E-02  1.05641363E-03
4.73968311E-01  2.23319959E-02  1.13047112E-03
4.75237303E-01  1.95297897E-02  1.09221041E-03
4.76506294E-01  2.09379718E-02  1.15060818E-03
4.77775286E-01  1.99613068E-02  1.17810583E-03
4.79044277E-01  2.24697106E-02  1.29704003E-03
4.80313269E-01  2.40267254E-02  1.37345167E-03
4.81582260E-01  2.26368643E-02  1.43427495E-03
4.82851252E-01  1.99619681E-02  1.33629330E-03
4.84120243E-01  2.06679702E-02  1.49454689E-03
4.85389234E-01  2.59751063E-02  1.68370130E-03
4.86658226E-01  2.32200697E-02  1.66248775E-03
4.87927217E-01  2.14640275E-02  1.67602825E-03
4.89196209E-01  2.30295546E-02  1.91210757E-03
4.90465200E-01  2.44574808E-02  1.99690112E-03
4.91734192E-01  2.32163873E-02  2.14635581E-03
4.93003183E-01  1.94839407E-02  2.19144626E-03
4.94272175E-01  2.03756671E-02  2.35198555E-03
4.95541166E-01  2.38177292E-02  2.78666290E-03
4.96810158E-01  2.45416183E-02  3.01955757E-03
4.98079149E-01  2.47041900E-02  3.30123631E-03
4.99348141E-01  2.33568549E-02  3.36857350E-03
5.00617132E-01  2.19932981E-02  3.71611142E-03
5.01886123E-01  2.07732730E-02  3.56258708E-03
5.03155115E-01  2.20650584E-02  4.41301195E-03
5.04424106E-01  1.98602807E-02  4.55056224E-03
5.05693098E-01  2.70123091E-02  6.55144732E-03
5.06962089E-01  3.37682851E-02  8.19001161E-03
5.08231081E-01  3.17847431E-02  1.58923715E-02
5.09500072E-01  0.00000000E+00  0.00000000E+00
5.10769064E-01  0.00000000E+00  0.00000000E+00
5.12038055E-01  0.00000000E+00  0.00000000E+00
5.13307047E-01  0.00000000E+00  0.00000000E+00


### HEADER:
#
#{
#    "analysis": {
#        "uvvis": {
#            "UVDarkTransmission": 1.0,
#            "UVPathlength": 1.5,
#            "UVTransmission": 1.0
#        }
#    },
#    "calibration_params": {
#        "Beam_Center_X": 316.5,
#        "Beam_Center_Y": 253.5,
#        "Detector Tilt": 0.0,
#        "Detector Tilt Plane Rotation": 0.0,
#        "Detector_X_Pixel_Size": 172.0,
#        "Detector_Y_Pixel_Size": 172.0,
#        "Integration Method": "nosplit_csr",
#        "Radial_Average_Method": "pyFAI",
#        "Sample-to-detector distance (mm)": 632.5,
#        "Wavelength (A)": 1.3403697127913543
#    },
#    "config_file": null,
#    "counters": {},
#    "filename": "11806_A1_phosphate_009_c.tiff",
#    "history": {},
#    "imageHeader": {
#        "AFTER": 162290590.0,
#        "BEFORE": 162290590.0,
#        "IC": 162290590.0,
#        "Img.ImgType": "2D",
#        "Img.Site": "TUM",
#        "Meas.Description": "phosphate",
#        "aquire_timestamp": "Wed Mar 01 12:55:36 2023",
#        "beam_x": 316.33,
#        "beam_y": 231.94,
#        "beamcenter_actual": "316.33    231.94",
#        "beamcenter_nominal": "316.33    231.94",
#        "bstop": 32.0,
#        "calibrationtype": "geom",
#        "configuraton_number": 2.0,
#        "data_added_constant": 0.0,
#        "data_multiplied_constant": 1.0,
#        "dataset_comments": "phosphate",
#        "datatype": "tiff",
#        "det_count_cutoff": 1147717.0,
#        "det_excluded_pixels": "badpix_mask.tif",
#        "det_exposure_period": 62.0,
#        "det_exposure_time": 60.0,
#        "det_flat_field": "(nil)",
#        "det_n_excluded_pixels": 30.0,
#        "det_pixel_size": "172e-6 172e-6",
#        "det_tau": 0.0,
#        "det_thickness": 0.00045,
#        "det_threshold_setting": 4024.0,
#        "det_trim_directory": "p3-0242_E8048_T4024.bin",
#        "detector_dist": 650.0,
#        "detector_function": "saxs",
#        "detector_sn": "dec1174",
#        "detectortype": "Pilatus",
#        "detx": 525.0,
#        "dety": 1.371563,
#        "detz": 0.0,
#        "dxdont": 525.0,
#        "error_norm_fact": 1.0,
#        "exposure_time": 60.0,
#        "flatfield_applied": 0.0,
#        "hg1": 2.5,
#        "hg2": 1.05,
#        "hg3": 0.0,
#        "hp1": 0.0,
#        "hp2": 0.0,
#        "hp3": 0.0,
#        "integration_time": 60.0,
#        "livetime": 60.0,
#        "log": "log",
#        "pd": 0.0,
#        "photons_per_100adu": 100.0,
#        "pixelsize": "0.172 0.172",
#        "pixelsize_x": 172.0,
#        "pixelsize_y": 172.0,
#        "reduction_type": "s",
#        "sample_ID": "p 10 10",
#        "sample_angle1": 0.0,
#        "sample_bio_cell_temp": 25.0,
#        "sample_bio_code": "None",
#        "sample_bio_run_number": 1.0,
#        "sample_bio_sample": "p 10 10",
#        "sample_bio_uv_dark": 1.0,
#        "sample_bio_uv_pathlength": 1.5,
#        "sample_bio_uv_trans": 1.0,
#        "sample_concentration": 1.0,
#        "sample_transfact": 1.0,
#        "sample_ypos": 2.5,
#        "sample_zpos": 68.9,
#        "saturated_value": 1147717.0,
#        "saxsconf_Ieff": 1.0,
#        "saxsconf_Imon": 162290590.0,
#        "saxsconf_Itrans": 162290590.0,
#        "saxsconf_Izero": 162290590.0,
#        "saxsconf_det_offx": 0.0,
#        "saxsconf_det_offy": 0.0,
#        "saxsconf_det_pixsizey": 0.172,
#        "saxsconf_det_pixsizez": 0.172,
#        "saxsconf_det_rotx": 0.0,
#        "saxsconf_det_roty": 0.0,
#        "saxsconf_dwavelength": 0.004,
#        "saxsconf_l1": 725.0,
#        "saxsconf_l2": 400.0,
#        "saxsconf_l3": 200.0,
#        "saxsconf_r1": 1.25,
#        "saxsconf_r2": 0.525,
#        "saxsconf_r3": 0.0,
#        "saxsconf_wavelength": 1.3428,
#        "solz": 0.0,
#        "source_kV": 0.0,
#        "source_ma": 0.0,
#        "source_type": "EXCILLUMMETALJET",
#        "start_timestamp": "Wed Mar 01 12:55:36 2023",
#        "thsam": 0.0,
#        "vg1": 2.5,
#        "vg2": 1.05,
#        "vg3": 0.0,
#        "vp1": 0.0,
#        "vp2": 0.0,
#        "vp3": 0.0,
#        "wavelength": 1.3428,
#        "xaxisbintype": "lin",
#        "zinger_removal": 0.0,
#        "zsam": 68.9
#    },
#    "load_path": "/home/saxslab/BIODATA/Users/Course_010323/P4/11806_A1_phosphate_009_c.tiff",
#    "normalizations": {
#        "Absolute_scale": {
#            "Absolute_scale_factor": 0.7601938,
#            "Method": "Water"
#        },
#        "Counter_norms": [
#            [
#                "/",
#                "exposure_time"
#            ],
#            [
#                "/",
#                "saxsconf_Izero/1e8"
#            ]
#        ],
#        "Polarization": {
#            "Used": false
#        },
#        "Solid_Angle_Correction": "On"
#    },
#    "raw_version": "2.1.4"
#}

