### DATA:
#
# 393
#      Q             I(Q)           Error     
1.58623933E-02  7.76415408E-01  8.70619994E-03
1.71313847E-02  3.89993727E-01  5.75389760E-03
1.84003762E-02  2.43266448E-01  4.64651873E-03
1.96693677E-02  1.83863044E-01  3.86758824E-03
2.09383591E-02  1.34894654E-01  3.38401902E-03
2.22073506E-02  1.16501659E-01  2.75363005E-03
2.34763421E-02  9.81156230E-02  2.61571910E-03
2.47453335E-02  9.03383419E-02  2.42480799E-03
2.60143250E-02  7.89310187E-02  2.16107466E-03
2.72833164E-02  7.06181303E-02  2.14388431E-03
2.85523079E-02  6.05789423E-02  1.71963312E-03
2.98212994E-02  5.84662743E-02  1.80602924E-03
3.10902908E-02  5.35424873E-02  1.65868795E-03
3.23592823E-02  5.47760054E-02  1.67769019E-03
3.36282738E-02  4.93526310E-02  1.55215373E-03
3.48972652E-02  4.82343212E-02  1.41559844E-03
3.61662567E-02  4.55322675E-02  1.42149592E-03
3.74352481E-02  4.38075773E-02  1.36433088E-03
3.87042396E-02  4.41738665E-02  1.38585479E-03
3.99732311E-02  3.94052640E-02  1.24114857E-03
4.12422225E-02  3.74017730E-02  1.18749787E-03
4.25112140E-02  3.85183059E-02  1.21562451E-03
4.37802055E-02  3.74635197E-02  1.16449653E-03
4.50491969E-02  3.66682410E-02  1.15208665E-03
4.63181884E-02  3.49140391E-02  1.08524831E-03
4.75871798E-02  3.44549492E-02  1.07096240E-03
4.88561713E-02  3.40653993E-02  1.11049972E-03
5.01251628E-02  3.55352312E-02  1.02666649E-03
5.13941542E-02  3.12161110E-02  9.56970849E-04
5.26631457E-02  3.13370861E-02  9.81653808E-04
5.39321372E-02  3.15121338E-02  9.68328968E-04
5.52011286E-02  3.22065465E-02  1.01592334E-03
5.64701201E-02  3.12978104E-02  9.00829502E-04
5.77391115E-02  3.02666705E-02  9.36270982E-04
5.90081030E-02  3.04768700E-02  9.16827528E-04
6.02770945E-02  3.01001687E-02  9.09195398E-04
6.15460859E-02  3.08518186E-02  9.05044435E-04
6.28150774E-02  3.06882989E-02  8.66939023E-04
6.40840689E-02  3.00738346E-02  9.08404007E-04
6.53530603E-02  3.04289274E-02  8.58253508E-04
6.66220518E-02  2.90887710E-02  8.57024628E-04
6.78910432E-02  2.87104324E-02  7.92309642E-04
6.91600347E-02  3.04685850E-02  8.39240965E-04
7.04290262E-02  2.96781640E-02  8.43466376E-04
7.16980176E-02  2.96229478E-02  8.02379625E-04
7.29670091E-02  2.95124296E-02  7.97914399E-04
7.42360006E-02  3.01049352E-02  8.02840863E-04
7.55049920E-02  2.93410141E-02  7.91258120E-04
7.67739835E-02  3.01329046E-02  8.14990606E-04
7.80429750E-02  3.04483175E-02  7.64557801E-04
7.93119664E-02  3.32470573E-02  8.23740906E-04
8.05809579E-02  3.28552201E-02  8.03249015E-04
8.18499493E-02  3.23193930E-02  7.99532048E-04
8.31189408E-02  3.61378379E-02  8.67583498E-04
8.43879323E-02  3.68618444E-02  8.16735672E-04
8.56569237E-02  3.80296335E-02  8.25756055E-04
8.69259152E-02  4.16019820E-02  8.67838389E-04
8.81949067E-02  4.63778712E-02  9.15907847E-04
8.94638981E-02  5.65597378E-02  1.02581864E-03
9.07328896E-02  6.49820268E-02  1.05539826E-03
9.20018810E-02  7.98361525E-02  1.18007371E-03
9.32708725E-02  1.00800768E-01  1.31432060E-03
9.45398640E-02  1.18073791E-01  1.39228662E-03
9.58088554E-02  1.37338549E-01  1.50794070E-03
9.70778469E-02  1.47955298E-01  1.53928145E-03
9.83468384E-02  1.48910999E-01  1.59056275E-03
9.96158298E-02  1.43464729E-01  1.49151403E-03
1.00884821E-01  1.32442072E-01  1.43308390E-03
1.02153813E-01  1.15582556E-01  1.36054819E-03
1.03422804E-01  1.00737900E-01  1.22577953E-03
1.04691796E-01  8.15849453E-02  1.14309031E-03
1.05960787E-01  6.96285516E-02  1.00762898E-03
1.07229779E-01  5.75910993E-02  9.26841458E-04
1.08498770E-01  5.23072146E-02  8.73608689E-04
1.09767762E-01  4.65188622E-02  8.23633047E-04
1.11036753E-01  4.39449847E-02  8.16459535E-04
1.12305744E-01  3.97851840E-02  7.33374560E-04
1.13574736E-01  3.86954471E-02  7.76550674E-04
1.14843727E-01  3.79364714E-02  7.47598126E-04
1.16112719E-01  3.52156498E-02  7.39779614E-04
1.17381710E-01  3.47907245E-02  7.42076256E-04
1.18650702E-01  3.46178897E-02  7.10641791E-04
1.19919693E-01  3.37678008E-02  7.07495783E-04
1.21188685E-01  3.30401734E-02  7.07317726E-04
1.22457676E-01  3.17555219E-02  6.94281014E-04
1.23726668E-01  3.21562067E-02  7.01698067E-04
1.24995659E-01  3.11846212E-02  6.79204124E-04
1.26264651E-01  3.13689858E-02  7.08000560E-04
1.27533642E-01  3.21378261E-02  7.12058740E-04
1.28802633E-01  3.29026096E-02  7.25632883E-04
1.30071625E-01  3.09750102E-02  7.21894728E-04
1.31340616E-01  3.01069114E-02  7.11394241E-04
1.32609608E-01  3.09106130E-02  7.35961192E-04
1.33878599E-01  2.99905241E-02  6.92587520E-04
1.35147591E-01  2.84662936E-02  7.01617741E-04
1.36416582E-01  3.10349911E-02  7.38080300E-04
1.37685574E-01  3.07564307E-02  7.34165485E-04
1.38954565E-01  2.95388810E-02  7.41714903E-04
1.40223557E-01  2.95527019E-02  6.93282753E-04
1.41492548E-01  2.94901598E-02  7.33795168E-04
1.42761540E-01  3.01319454E-02  7.44492863E-04
1.44030531E-01  2.85573173E-02  7.19088421E-04
1.45299522E-01  2.84255184E-02  7.26694067E-04
1.46568514E-01  2.68259179E-02  6.82430284E-04
1.47837505E-01  2.99913287E-02  7.22914352E-04
1.49106497E-01  2.91844681E-02  7.02667749E-04
1.50375488E-01  2.93699261E-02  7.02457910E-04
1.51644480E-01  2.93697529E-02  6.93202310E-04
1.52913471E-01  2.88168527E-02  6.71599759E-04
1.54182463E-01  2.89264973E-02  6.72337832E-04
1.55451454E-01  2.86073871E-02  6.62767736E-04
1.56720446E-01  2.94006504E-02  6.68534834E-04
1.57989437E-01  2.85867043E-02  6.68604916E-04
1.59258429E-01  2.91727036E-02  6.71557849E-04
1.60527420E-01  2.92498320E-02  6.60337333E-04
1.61796411E-01  2.92739291E-02  6.22406777E-04
1.63065403E-01  2.80184075E-02  6.16413599E-04
1.64334394E-01  2.78925374E-02  6.12452568E-04
1.65603386E-01  2.90663671E-02  6.20934996E-04
1.66872377E-01  2.98836753E-02  6.33521995E-04
1.68141369E-01  3.02403588E-02  5.95115940E-04
1.69410360E-01  2.92890873E-02  6.02897257E-04
1.70679352E-01  2.89025325E-02  5.97988488E-04
1.71948343E-01  2.95938496E-02  5.92223194E-04
1.73217335E-01  2.91856807E-02  5.92782395E-04
1.74486326E-01  2.96292249E-02  5.79172978E-04
1.75755318E-01  3.02075762E-02  5.95397432E-04
1.77024309E-01  3.04407682E-02  5.94473153E-04
1.78293300E-01  3.17754336E-02  5.82273118E-04
1.79562292E-01  3.25426199E-02  6.02534274E-04
1.80831283E-01  3.10507342E-02  5.80101041E-04
1.82100275E-01  3.23720388E-02  5.90044656E-04
1.83369266E-01  3.36885713E-02  6.10804709E-04
1.84638258E-01  3.44642997E-02  5.96608967E-04
1.85907249E-01  3.56274880E-02  6.12810429E-04
1.87176241E-01  3.68666165E-02  6.16673904E-04
1.88445232E-01  3.93601283E-02  6.36248908E-04
1.89714224E-01  4.16085348E-02  6.45656197E-04
1.90983215E-01  4.48802747E-02  6.79147197E-04
1.92252207E-01  4.66615297E-02  6.79328688E-04
1.93521198E-01  5.07642291E-02  7.13011657E-04
1.94790190E-01  5.16716763E-02  6.94973918E-04
1.96059181E-01  5.23312315E-02  7.09514890E-04
1.97328172E-01  5.31924888E-02  7.19145581E-04
1.98597164E-01  5.12714610E-02  7.06873077E-04
1.99866155E-01  4.73129451E-02  6.73021015E-04
2.01135147E-01  4.44855615E-02  6.39038626E-04
2.02404138E-01  4.17425558E-02  6.13066077E-04
2.03673130E-01  3.82271037E-02  5.92044613E-04
2.04942121E-01  3.72223891E-02  5.91573596E-04
2.06211113E-01  3.40897143E-02  5.51484933E-04
2.07480104E-01  3.14460509E-02  5.27253957E-04
2.08749096E-01  3.13691162E-02  5.34912921E-04
2.10018087E-01  3.03974673E-02  5.24863834E-04
2.11287079E-01  2.91350149E-02  5.02472278E-04
2.12556070E-01  2.72774976E-02  4.78684844E-04
2.13825061E-01  2.86301803E-02  5.00433031E-04
2.15094053E-01  2.71872189E-02  4.87107784E-04
2.16363044E-01  2.68563703E-02  4.85168828E-04
2.17632036E-01  2.62197498E-02  4.69226245E-04
2.18901027E-01  2.51688715E-02  4.62164171E-04
2.20170019E-01  2.53169797E-02  4.62011463E-04
2.21439010E-01  2.47892328E-02  4.58319206E-04
2.22708002E-01  2.39365324E-02  4.42978460E-04
2.23976993E-01  2.49876995E-02  4.54143679E-04
2.25245985E-01  2.43559219E-02  4.46619815E-04
2.26514976E-01  2.39691623E-02  4.45287296E-04
2.27783968E-01  2.37657316E-02  4.36767237E-04
2.29052959E-01  2.38032732E-02  4.35035472E-04
2.30321950E-01  2.30690893E-02  4.25159058E-04
2.31590942E-01  2.25035213E-02  4.31160006E-04
2.32859933E-01  2.24803109E-02  4.22287732E-04
2.34128925E-01  2.24228818E-02  4.18608135E-04
2.35397916E-01  2.26828698E-02  4.13436908E-04
2.36666908E-01  2.18329933E-02  4.15367103E-04
2.37935899E-01  2.25366224E-02  4.22276033E-04
2.39204891E-01  2.15722416E-02  3.99270590E-04
2.40473882E-01  2.16577984E-02  4.12179448E-04
2.41742874E-01  2.20903642E-02  4.08865541E-04
2.43011865E-01  2.10341364E-02  3.99883429E-04
2.44280857E-01  2.16837879E-02  4.05582250E-04
2.45549848E-01  2.12726947E-02  3.92663671E-04
2.46818839E-01  2.17470638E-02  4.04229271E-04
2.48087831E-01  2.10193172E-02  3.93116585E-04
2.49356822E-01  2.11794171E-02  3.96439485E-04
2.50625814E-01  2.08127815E-02  3.83632228E-04
2.51894805E-01  2.14510784E-02  3.93158232E-04
2.53163797E-01  2.14044452E-02  3.98943579E-04
2.54432788E-01  2.04552505E-02  3.81659251E-04
2.55701780E-01  2.08158884E-02  3.84113460E-04
2.56970771E-01  2.07270570E-02  3.79887264E-04
2.58239763E-01  2.16521136E-02  3.94295581E-04
2.59508754E-01  2.06929278E-02  3.84009909E-04
2.60777746E-01  2.08559614E-02  3.74475407E-04
2.62046737E-01  2.10356675E-02  3.87619220E-04
2.63315728E-01  2.12839879E-02  3.78043012E-04
2.64584720E-01  2.13706363E-02  3.88594170E-04
2.65853711E-01  2.12009232E-02  3.83517676E-04
2.67122703E-01  2.07074229E-02  3.64666514E-04
2.68391694E-01  2.04828624E-02  3.73687973E-04
2.69660686E-01  2.09584218E-02  3.74882104E-04
2.70929677E-01  2.06424054E-02  3.77277291E-04
2.72198669E-01  2.01634392E-02  3.65746178E-04
2.73467660E-01  2.06076298E-02  3.68283363E-04
2.74736652E-01  2.09229495E-02  3.79265111E-04
2.76005643E-01  2.10250467E-02  3.63784406E-04
2.77274635E-01  2.06089877E-02  3.64763720E-04
2.78543626E-01  2.08277293E-02  3.67149711E-04
2.79812618E-01  2.09753551E-02  3.65658430E-04
2.81081609E-01  2.08509024E-02  3.71566362E-04
2.82350600E-01  2.06687693E-02  3.57775105E-04
2.83619592E-01  2.09145024E-02  3.63937957E-04
2.84888583E-01  2.08593085E-02  3.60073958E-04
2.86157575E-01  2.09556371E-02  3.64755397E-04
2.87426566E-01  2.12381817E-02  3.66022403E-04
2.88695558E-01  2.09493265E-02  3.57225043E-04
2.89964549E-01  2.10075937E-02  3.62950464E-04
2.91233541E-01  2.08490361E-02  3.55700962E-04
2.92502532E-01  2.05575358E-02  3.54027085E-04
2.93771524E-01  2.08087098E-02  3.59532394E-04
2.95040515E-01  2.13840976E-02  3.65302752E-04
2.96309507E-01  2.05869954E-02  3.67339177E-04
2.97578498E-01  2.02535670E-02  3.57391604E-04
2.98847489E-01  2.06056368E-02  3.62232677E-04
3.00116481E-01  2.06283592E-02  3.62812658E-04
3.01385472E-01  2.10369900E-02  3.66207620E-04
3.02654464E-01  2.11410224E-02  3.77446879E-04
3.03923455E-01  2.09783893E-02  3.60039761E-04
3.05192447E-01  2.07323302E-02  3.68902372E-04
3.06461438E-01  2.12055501E-02  3.69584566E-04
3.07730430E-01  2.10011080E-02  3.66779219E-04
3.08999421E-01  2.15631314E-02  3.71509901E-04
3.10268413E-01  2.16113161E-02  3.70053953E-04
3.11537404E-01  2.14338526E-02  3.77480028E-04
3.12806396E-01  2.14150250E-02  3.69159359E-04
3.14075387E-01  2.05894876E-02  3.70080845E-04
3.15344378E-01  2.13039108E-02  3.64259758E-04
3.16613370E-01  2.11433619E-02  3.71163536E-04
3.17882361E-01  2.13063285E-02  3.71582399E-04
3.19151353E-01  2.09964067E-02  3.63804807E-04
3.20420344E-01  2.15766169E-02  3.72627721E-04
3.21689336E-01  2.10770648E-02  3.73091752E-04
3.22958327E-01  2.06997655E-02  3.71892034E-04
3.24227319E-01  2.14861352E-02  3.80687474E-04
3.25496310E-01  2.19299421E-02  3.80764832E-04
3.26765302E-01  2.19468512E-02  3.86183296E-04
3.28034293E-01  2.07774192E-02  3.73121147E-04
3.29303285E-01  2.19194498E-02  3.87256936E-04
3.30572276E-01  2.12566778E-02  3.78734345E-04
3.31841267E-01  2.13863105E-02  3.76509328E-04
3.33110259E-01  2.13824976E-02  3.90675268E-04
3.34379250E-01  2.14631483E-02  3.80069017E-04
3.35648242E-01  2.16712672E-02  3.94544069E-04
3.36917233E-01  2.11899206E-02  3.79377365E-04
3.38186225E-01  2.09068172E-02  3.79759062E-04
3.39455216E-01  2.15076134E-02  3.89456953E-04
3.40724208E-01  2.10591108E-02  3.78766330E-04
3.41993199E-01  2.06323471E-02  3.79871723E-04
3.43262191E-01  2.12606713E-02  3.83661682E-04
3.44531182E-01  2.08185278E-02  3.84784682E-04
3.45800174E-01  2.06310097E-02  3.84274521E-04
3.47069165E-01  2.08418723E-02  3.75984673E-04
3.48338156E-01  2.10114419E-02  3.87148524E-04
3.49607148E-01  2.09656805E-02  3.78203549E-04
3.50876139E-01  2.13173795E-02  3.88970482E-04
3.52145131E-01  2.13338472E-02  3.81380843E-04
3.53414122E-01  2.09422726E-02  3.79477075E-04
3.54683114E-01  2.08719969E-02  3.79177131E-04
3.55952105E-01  2.07719654E-02  3.80456011E-04
3.57221097E-01  2.09546108E-02  3.81819205E-04
3.58490088E-01  2.20285598E-02  3.88350571E-04
3.59759080E-01  2.11364795E-02  3.83276172E-04
3.61028071E-01  2.15750448E-02  3.86140367E-04
3.62297063E-01  2.14070342E-02  3.88358894E-04
3.63566054E-01  2.15670317E-02  3.93325783E-04
3.64835046E-01  2.15765592E-02  3.84916435E-04
3.66104037E-01  2.10838113E-02  3.91252193E-04
3.67373028E-01  2.17162799E-02  3.84746527E-04
3.68642020E-01  2.13348530E-02  3.89203051E-04
3.69911011E-01  2.13907156E-02  3.87666543E-04
3.71180003E-01  2.08299011E-02  3.85232677E-04
3.72448994E-01  2.09769178E-02  3.93491122E-04
3.73717986E-01  2.07952522E-02  3.78487923E-04
3.74986977E-01  2.09829397E-02  3.89455730E-04
3.76255969E-01  2.09092926E-02  3.85895255E-04
3.77524960E-01  2.10443418E-02  3.88829154E-04
3.78793952E-01  2.08967328E-02  3.91050620E-04
3.80062943E-01  2.13595200E-02  3.84739309E-04
3.81331935E-01  2.10560821E-02  3.94462200E-04
3.82600926E-01  2.11479552E-02  3.94259725E-04
3.83869917E-01  2.14645471E-02  4.02308127E-04
3.85138909E-01  2.12703981E-02  4.07229149E-04
3.86407900E-01  2.11938322E-02  4.02461475E-04
3.87676892E-01  2.07919739E-02  4.19462944E-04
3.88945883E-01  2.16485783E-02  4.12578200E-04
3.90214875E-01  2.08570659E-02  4.11600544E-04
3.91483866E-01  2.12575942E-02  4.21875127E-04
3.92752858E-01  2.16907896E-02  4.24376543E-04
3.94021849E-01  2.17501447E-02  4.29699401E-04
3.95290841E-01  2.15457343E-02  4.26266488E-04
3.96559832E-01  2.14433391E-02  4.33481298E-04
3.97828824E-01  2.07328256E-02  4.31127322E-04
3.99097815E-01  2.12303717E-02  4.45617625E-04
4.00366806E-01  2.11372748E-02  4.51006606E-04
4.01635798E-01  2.12157853E-02  4.62445605E-04
4.02904789E-01  2.06515100E-02  4.70644678E-04
4.04173781E-01  2.14463472E-02  4.66410915E-04
4.05442772E-01  2.13399306E-02  4.80177667E-04
4.06711764E-01  2.08948739E-02  4.74978064E-04
4.07980755E-01  2.09040418E-02  4.91535524E-04
4.09249747E-01  2.06797775E-02  4.95475309E-04
4.10518738E-01  2.11946759E-02  4.94536012E-04
4.11787730E-01  2.14839187E-02  5.16726519E-04
4.13056721E-01  2.11766902E-02  5.06835699E-04
4.14325713E-01  2.17681769E-02  5.24495554E-04
4.15594704E-01  2.16090046E-02  5.22861723E-04
4.16863695E-01  2.08501369E-02  5.28974459E-04
4.18132687E-01  2.03241985E-02  5.36668289E-04
4.19401678E-01  2.07619630E-02  5.24068309E-04
4.20670670E-01  2.08620094E-02  5.46862488E-04
4.21939661E-01  2.05629580E-02  5.46303985E-04
4.23208653E-01  2.09704507E-02  5.62474190E-04
4.24477644E-01  2.17654500E-02  5.69496828E-04
4.25746636E-01  2.16055587E-02  5.69806842E-04
4.27015627E-01  1.99746098E-02  5.72979334E-04
4.28284619E-01  2.05590539E-02  5.70050906E-04
4.29553610E-01  2.13844832E-02  6.02994172E-04
4.30822602E-01  2.16559879E-02  5.96041384E-04
4.32091593E-01  2.18220912E-02  6.19782484E-04
4.33360584E-01  2.17290334E-02  6.18448830E-04
4.34629576E-01  2.14387085E-02  6.24359818E-04
4.35898567E-01  2.02053860E-02  6.19493658E-04
4.37167559E-01  2.03876514E-02  6.10105577E-04
4.38436550E-01  2.11439505E-02  6.74146286E-04
4.39705542E-01  2.09849011E-02  6.35124044E-04
4.40974533E-01  2.23976132E-02  6.76446420E-04
4.42243525E-01  2.20368300E-02  6.99758646E-04
4.43512516E-01  2.19571404E-02  6.69159926E-04
4.44781508E-01  2.20428910E-02  7.14304217E-04
4.46050499E-01  2.19137482E-02  6.99840253E-04
4.47319491E-01  2.04925220E-02  7.00159464E-04
4.48588482E-01  2.17997208E-02  7.46851438E-04
4.49857473E-01  2.08225958E-02  7.14359514E-04
4.51126465E-01  2.18422730E-02  7.57401518E-04
4.52395456E-01  2.13736165E-02  7.57815782E-04
4.53664448E-01  2.11217776E-02  7.63910415E-04
4.54933439E-01  2.10134573E-02  7.72088824E-04
4.56202431E-01  2.26688795E-02  8.40522640E-04
4.57471422E-01  2.20234860E-02  8.14424246E-04
4.58740414E-01  2.08602529E-02  8.14753643E-04
4.60009405E-01  2.21152417E-02  8.57355539E-04
4.61278397E-01  2.04827022E-02  8.39454995E-04
4.62547388E-01  2.23501585E-02  8.88911483E-04
4.63816380E-01  2.01162565E-02  8.88330978E-04
4.65085371E-01  2.01556142E-02  8.84384150E-04
4.66354363E-01  2.09903903E-02  9.31088754E-04
4.67623354E-01  2.06118952E-02  9.38569079E-04
4.68892345E-01  2.15443093E-02  9.74984141E-04
4.70161337E-01  2.19496507E-02  1.04367360E-03
4.71430328E-01  2.36472003E-02  1.06592604E-03
4.72699320E-01  2.25583520E-02  1.10982347E-03
4.73968311E-01  2.01623365E-02  1.07577292E-03
4.75237303E-01  2.23366283E-02  1.14877429E-03
4.76506294E-01  2.34247968E-02  1.21594628E-03
4.77775286E-01  2.14050636E-02  1.22715696E-03
4.79044277E-01  2.20375564E-02  1.28499931E-03
4.80313269E-01  2.43470594E-02  1.37837382E-03
4.81582260E-01  2.10407227E-02  1.38979836E-03
4.82851252E-01  2.09288429E-02  1.36773358E-03
4.84120243E-01  2.16156878E-02  1.51324191E-03
4.85389234E-01  2.10924614E-02  1.53374113E-03
4.86658226E-01  2.24118531E-02  1.63002335E-03
4.87927217E-01  2.22530477E-02  1.72152137E-03
4.89196209E-01  1.72787737E-02  1.67655933E-03
4.90465200E-01  2.05780677E-02  1.85454136E-03
4.91734192E-01  2.44163089E-02  2.22823070E-03
4.93003183E-01  2.26196423E-02  2.34541483E-03
4.94272175E-01  2.11776216E-02  2.38248240E-03
4.95541166E-01  1.93791632E-02  2.52159568E-03
4.96810158E-01  2.59951837E-02  3.06356186E-03
4.98079149E-01  2.11831201E-02  3.08920513E-03
4.99348141E-01  1.91599485E-02  3.02855251E-03
5.00617132E-01  2.26128697E-02  3.86530673E-03
5.01886123E-01  1.71139464E-02  3.34774796E-03
5.03155115E-01  2.56052595E-02  4.75477753E-03
5.04424106E-01  1.58943031E-02  4.21461370E-03
5.05693098E-01  1.58956721E-02  5.02665294E-03
5.06962089E-01  2.58326828E-02  7.16469716E-03
5.08231081E-01  1.58984512E-02  1.12419026E-02
5.09500072E-01  0.00000000E+00  0.00000000E+00
5.10769064E-01  0.00000000E+00  0.00000000E+00
5.12038055E-01  0.00000000E+00  0.00000000E+00
5.13307047E-01  0.00000000E+00  0.00000000E+00


### HEADER:
#
#{
#    "analysis": {
#        "uvvis": {
#            "UVDarkTransmission": 1.0,
#            "UVPathlength": 1.5,
#            "UVTransmission": 1.0
#        }
#    },
#    "calibration_params": {
#        "Beam_Center_X": 316.5,
#        "Beam_Center_Y": 253.5,
#        "Detector Tilt": 0.0,
#        "Detector Tilt Plane Rotation": 0.0,
#        "Detector_X_Pixel_Size": 172.0,
#        "Detector_Y_Pixel_Size": 172.0,
#        "Integration Method": "nosplit_csr",
#        "Radial_Average_Method": "pyFAI",
#        "Sample-to-detector distance (mm)": 632.5,
#        "Wavelength (A)": 1.3403697127913543
#    },
#    "config_file": null,
#    "counters": {},
#    "filename": "11804_A1_Lecithin_009_c.tiff",
#    "history": {},
#    "imageHeader": {
#        "AFTER": 162228530.0,
#        "BEFORE": 162228530.0,
#        "IC": 162228530.0,
#        "Img.ImgType": "2D",
#        "Img.Site": "TUM",
#        "Meas.Description": "Lecithin",
#        "aquire_timestamp": "Wed Mar 01 12:35:20 2023",
#        "beam_x": 316.33,
#        "beam_y": 231.94,
#        "beamcenter_actual": "316.33    231.94",
#        "beamcenter_nominal": "316.33    231.94",
#        "bstop": 32.0,
#        "calibrationtype": "geom",
#        "configuraton_number": 2.0,
#        "data_added_constant": 0.0,
#        "data_multiplied_constant": 1.0,
#        "dataset_comments": "Lecithin",
#        "datatype": "tiff",
#        "det_count_cutoff": 1147717.0,
#        "det_excluded_pixels": "badpix_mask.tif",
#        "det_exposure_period": 62.0,
#        "det_exposure_time": 60.0,
#        "det_flat_field": "(nil)",
#        "det_n_excluded_pixels": 30.0,
#        "det_pixel_size": "172e-6 172e-6",
#        "det_tau": 0.0,
#        "det_thickness": 0.00045,
#        "det_threshold_setting": 4024.0,
#        "det_trim_directory": "p3-0242_E8048_T4024.bin",
#        "detector_dist": 650.0,
#        "detector_function": "saxs",
#        "detector_sn": "dec1174",
#        "detectortype": "Pilatus",
#        "detx": 525.0,
#        "dety": 1.371563,
#        "detz": 0.0,
#        "dxdont": 525.0,
#        "error_norm_fact": 1.0,
#        "exposure_time": 60.0,
#        "flatfield_applied": 0.0,
#        "hg1": 2.5,
#        "hg2": 1.05,
#        "hg3": 0.0,
#        "hp1": 0.0,
#        "hp2": 0.0,
#        "hp3": 0.0,
#        "integration_time": 60.0,
#        "livetime": 60.0,
#        "log": "log",
#        "pd": 0.0,
#        "photons_per_100adu": 100.0,
#        "pixelsize": "0.172 0.172",
#        "pixelsize_x": 172.0,
#        "pixelsize_y": 172.0,
#        "reduction_type": "s",
#        "sample_ID": "p 10 10",
#        "sample_angle1": 0.0,
#        "sample_bio_cell_temp": 25.0,
#        "sample_bio_code": "None",
#        "sample_bio_run_number": 1.0,
#        "sample_bio_sample": "p 10 10",
#        "sample_bio_uv_dark": 1.0,
#        "sample_bio_uv_pathlength": 1.5,
#        "sample_bio_uv_trans": 1.0,
#        "sample_concentration": 1.0,
#        "sample_transfact": 1.0,
#        "sample_ypos": 2.5,
#        "sample_zpos": 68.9,
#        "saturated_value": 1147717.0,
#        "saxsconf_Ieff": 1.0,
#        "saxsconf_Imon": 162228530.0,
#        "saxsconf_Itrans": 162228530.0,
#        "saxsconf_Izero": 162228530.0,
#        "saxsconf_det_offx": 0.0,
#        "saxsconf_det_offy": 0.0,
#        "saxsconf_det_pixsizey": 0.172,
#        "saxsconf_det_pixsizez": 0.172,
#        "saxsconf_det_rotx": 0.0,
#        "saxsconf_det_roty": 0.0,
#        "saxsconf_dwavelength": 0.004,
#        "saxsconf_l1": 725.0,
#        "saxsconf_l2": 400.0,
#        "saxsconf_l3": 200.0,
#        "saxsconf_r1": 1.25,
#        "saxsconf_r2": 0.525,
#        "saxsconf_r3": 0.0,
#        "saxsconf_wavelength": 1.3428,
#        "solz": 0.0,
#        "source_kV": 0.0,
#        "source_ma": 0.0,
#        "source_type": "EXCILLUMMETALJET",
#        "start_timestamp": "Wed Mar 01 12:35:20 2023",
#        "thsam": 0.0,
#        "vg1": 2.5,
#        "vg2": 1.05,
#        "vg3": 0.0,
#        "vp1": 0.0,
#        "vp2": 0.0,
#        "vp3": 0.0,
#        "wavelength": 1.3428,
#        "xaxisbintype": "lin",
#        "zinger_removal": 0.0,
#        "zsam": 68.9
#    },
#    "load_path": "/home/saxslab/BIODATA/Users/Course_010323/P4/11804_A1_Lecithin_009_c.tiff",
#    "normalizations": {
#        "Absolute_scale": {
#            "Absolute_scale_factor": 0.7601938,
#            "Method": "Water"
#        },
#        "Counter_norms": [
#            [
#                "/",
#                "exposure_time"
#            ],
#            [
#                "/",
#                "saxsconf_Izero/1e8"
#            ]
#        ],
#        "Polarization": {
#            "Used": false
#        },
#        "Solid_Angle_Correction": "On"
#    },
#    "raw_version": "2.1.4"
#}

