### DATA:
#
# 393
#      Q             I(Q)           Error     
1.58623933E-02  5.75083733E-01  5.29407477E-03
1.71313847E-02  3.30939025E-01  3.74498661E-03
1.84003762E-02  2.33224928E-01  3.21452669E-03
1.96693677E-02  1.73501477E-01  2.65452941E-03
2.09383591E-02  1.40954524E-01  2.44409381E-03
2.22073506E-02  1.14661254E-01  1.93014904E-03
2.34763421E-02  9.49325487E-02  1.81791082E-03
2.47453335E-02  8.40227902E-02  1.65227684E-03
2.60143250E-02  7.44056553E-02  1.48249033E-03
2.72833164E-02  6.48859218E-02  1.45198265E-03
2.85523079E-02  5.95332086E-02  1.20447436E-03
2.98212994E-02  5.36118522E-02  1.22192746E-03
3.10902908E-02  4.80970070E-02  1.11075281E-03
3.23592823E-02  4.37877476E-02  1.05982914E-03
3.36282738E-02  4.03557494E-02  9.91688459E-04
3.48972652E-02  3.69795151E-02  8.75760918E-04
3.61662567E-02  3.61336470E-02  8.94715195E-04
3.74352481E-02  3.35244723E-02  8.42866371E-04
3.87042396E-02  3.11936401E-02  8.22024595E-04
3.99732311E-02  2.92832274E-02  7.55586138E-04
4.12422225E-02  2.76322495E-02  7.19726493E-04
4.25112140E-02  2.66069043E-02  7.13139889E-04
4.37802055E-02  2.55080312E-02  6.78587472E-04
4.50491969E-02  2.27281339E-02  6.40546903E-04
4.63181884E-02  2.35475320E-02  6.29334128E-04
4.75871798E-02  2.14963201E-02  5.95971476E-04
4.88561713E-02  2.07609106E-02  6.12205826E-04
5.01251628E-02  1.92758087E-02  5.33793995E-04
5.13941542E-02  1.82171147E-02  5.14846062E-04
5.26631457E-02  1.87513344E-02  5.34879160E-04
5.39321372E-02  1.71788391E-02  5.04386437E-04
5.52011286E-02  1.78679172E-02  5.35099942E-04
5.64701201E-02  1.69070549E-02  4.66586847E-04
5.77391115E-02  1.58865768E-02  4.79427312E-04
5.90081030E-02  1.53929600E-02  4.60771611E-04
6.02770945E-02  1.41537208E-02  4.41211276E-04
6.15460859E-02  1.38865001E-02  4.29555046E-04
6.28150774E-02  1.43845193E-02  4.18570882E-04
6.40840689E-02  1.34314727E-02  4.29696724E-04
6.53530603E-02  1.34572098E-02  4.04087274E-04
6.66220518E-02  1.30542964E-02  4.06734121E-04
6.78910432E-02  1.24367727E-02  3.69132205E-04
6.91600347E-02  1.30652711E-02  3.88994638E-04
7.04290262E-02  1.26040690E-02  3.90404050E-04
7.16980176E-02  1.17438594E-02  3.58826801E-04
7.29670091E-02  1.17221028E-02  3.58429097E-04
7.42360006E-02  1.15312478E-02  3.53427051E-04
7.55049920E-02  1.12028364E-02  3.47825058E-04
7.67739835E-02  1.02877878E-02  3.41577717E-04
7.80429750E-02  1.04680611E-02  3.20220075E-04
7.93119664E-02  9.69026051E-03  3.19759827E-04
8.05809579E-02  9.48805548E-03  3.09288211E-04
8.18499493E-02  9.20972880E-03  3.07091890E-04
8.31189408E-02  8.89056455E-03  3.11048672E-04
8.43879323E-02  8.73142853E-03  2.86816678E-04
8.56569237E-02  8.07886664E-03  2.77203246E-04
8.69259152E-02  8.28924123E-03  2.81951507E-04
8.81949067E-02  8.46996345E-03  2.84116395E-04
8.94638981E-02  7.95048289E-03  2.79874075E-04
9.07328896E-02  6.74119825E-03  2.52910337E-04
9.20018810E-02  7.52347289E-03  2.64691887E-04
9.32708725E-02  7.22905342E-03  2.57932872E-04
9.45398640E-02  7.08114542E-03  2.51010089E-04
9.58088554E-02  6.89331396E-03  2.50018726E-04
9.70778469E-02  6.41958602E-03  2.37693675E-04
9.83468384E-02  6.36095088E-03  2.48430209E-04
9.96158298E-02  6.74238615E-03  2.39720277E-04
1.00884821E-01  6.38641510E-03  2.34927036E-04
1.02153813E-01  6.55594608E-03  2.42370224E-04
1.03422804E-01  6.64919708E-03  2.34870953E-04
1.04691796E-01  6.12443173E-03  2.36370208E-04
1.05960787E-01  6.05652109E-03  2.23065654E-04
1.07229779E-01  5.94216073E-03  2.25612341E-04
1.08498770E-01  6.05674740E-03  2.21882990E-04
1.09767762E-01  5.35799284E-03  2.14478714E-04
1.11036753E-01  5.59601979E-03  2.22795992E-04
1.12305744E-01  5.56008099E-03  2.08924248E-04
1.13574736E-01  5.37625281E-03  2.21882525E-04
1.14843727E-01  5.49705466E-03  2.18006680E-04
1.16112719E-01  5.51745063E-03  2.23163544E-04
1.17381710E-01  5.57383802E-03  2.26307282E-04
1.18650702E-01  5.30514820E-03  2.14355328E-04
1.19919693E-01  5.24532143E-03  2.15465130E-04
1.21188685E-01  4.89915861E-03  2.12575585E-04
1.22457676E-01  5.38239349E-03  2.18136905E-04
1.23726668E-01  4.87670302E-03  2.13701118E-04
1.24995659E-01  4.93199890E-03  2.10734841E-04
1.26264651E-01  4.59322613E-03  2.14485510E-04
1.27533642E-01  4.96121822E-03  2.19173467E-04
1.28802633E-01  4.88301553E-03  2.18587404E-04
1.30071625E-01  4.69565345E-03  2.22237242E-04
1.31340616E-01  4.99601988E-03  2.24577554E-04
1.32609608E-01  4.83579561E-03  2.27711687E-04
1.33878599E-01  4.44310019E-03  2.11261911E-04
1.35147591E-01  4.46868036E-03  2.20261078E-04
1.36416582E-01  4.69671888E-03  2.25718453E-04
1.37685574E-01  4.81011020E-03  2.28399076E-04
1.38954565E-01  4.71804244E-03  2.33302955E-04
1.40223557E-01  5.12204226E-03  2.24408810E-04
1.41492548E-01  4.93440311E-03  2.33577070E-04
1.42761540E-01  4.80731996E-03  2.32209481E-04
1.44030531E-01  4.74609202E-03  2.29357101E-04
1.45299522E-01  4.81607672E-03  2.35854197E-04
1.46568514E-01  4.54672100E-03  2.22461909E-04
1.47837505E-01  4.60281037E-03  2.24438147E-04
1.49106497E-01  4.19023866E-03  2.14911110E-04
1.50375488E-01  4.77072131E-03  2.21067035E-04
1.51644480E-01  4.10789158E-03  2.09353049E-04
1.52913471E-01  4.42518992E-03  2.09326521E-04
1.54182463E-01  4.16910788E-03  2.07887526E-04
1.55451454E-01  4.41529043E-03  2.08617756E-04
1.56720446E-01  4.51721996E-03  2.08929981E-04
1.57989437E-01  4.09957115E-03  2.06595636E-04
1.59258429E-01  4.84934961E-03  2.12502520E-04
1.60527420E-01  4.75634262E-03  2.09744307E-04
1.61796411E-01  4.07617167E-03  1.88344144E-04
1.63065403E-01  4.06752108E-03  1.89878789E-04
1.64334394E-01  4.36593080E-03  1.93645203E-04
1.65603386E-01  4.19448875E-03  1.90062783E-04
1.66872377E-01  4.17952938E-03  1.92158841E-04
1.68141369E-01  4.53995913E-03  1.83455428E-04
1.69410360E-01  4.20221640E-03  1.84127974E-04
1.70679352E-01  4.33039945E-03  1.85089491E-04
1.71948343E-01  4.17733239E-03  1.77582377E-04
1.73217335E-01  3.93667351E-03  1.78012488E-04
1.74486326E-01  4.14829887E-03  1.75368070E-04
1.75755318E-01  4.17528674E-03  1.80961608E-04
1.77024309E-01  4.02817735E-03  1.75740919E-04
1.78293300E-01  4.15148633E-03  1.69964711E-04
1.79562292E-01  3.92960571E-03  1.72595304E-04
1.80831283E-01  4.02055401E-03  1.72400687E-04
1.82100275E-01  4.16459190E-03  1.72128639E-04
1.83369266E-01  4.16718703E-03  1.74976245E-04
1.84638258E-01  3.97988409E-03  1.67094215E-04
1.85907249E-01  3.97105562E-03  1.67840612E-04
1.87176241E-01  3.73845315E-03  1.63667428E-04
1.88445232E-01  3.78005207E-03  1.65483871E-04
1.89714224E-01  3.75346816E-03  1.62798533E-04
1.90983215E-01  3.86236934E-03  1.64458135E-04
1.92252207E-01  4.03697602E-03  1.63308941E-04
1.93521198E-01  3.84381181E-03  1.63121265E-04
1.94790190E-01  4.16081306E-03  1.59075469E-04
1.96059181E-01  3.92826973E-03  1.60786949E-04
1.97328172E-01  4.07409715E-03  1.62605516E-04
1.98597164E-01  4.20106575E-03  1.63088000E-04
1.99866155E-01  3.83298867E-03  1.59373303E-04
2.01135147E-01  3.94621724E-03  1.55920323E-04
2.02404138E-01  4.04904550E-03  1.55934104E-04
2.03673130E-01  4.20219963E-03  1.58358394E-04
2.04942121E-01  3.83517728E-03  1.57707313E-04
2.06211113E-01  4.03900538E-03  1.55390255E-04
2.07480104E-01  3.57637834E-03  1.50796652E-04
2.08749096E-01  3.78794689E-03  1.54706038E-04
2.10018087E-01  3.77122848E-03  1.53288915E-04
2.11287079E-01  3.77719779E-03  1.50497042E-04
2.12556070E-01  3.93998390E-03  1.49835410E-04
2.13825061E-01  3.91535321E-03  1.52094741E-04
2.15094053E-01  3.57801118E-03  1.49874177E-04
2.16363044E-01  3.94606218E-03  1.52477980E-04
2.17632036E-01  4.02331538E-03  1.49050000E-04
2.18901027E-01  4.08673659E-03  1.50414329E-04
2.20170019E-01  3.71698174E-03  1.47498053E-04
2.21439010E-01  3.97039950E-03  1.50805121E-04
2.22708002E-01  3.78324813E-03  1.45782004E-04
2.23976993E-01  3.91626684E-03  1.47497456E-04
2.25245985E-01  3.92439449E-03  1.47421859E-04
2.26514976E-01  3.93694965E-03  1.47565253E-04
2.27783968E-01  4.14141361E-03  1.47736617E-04
2.29052959E-01  3.79175157E-03  1.43584970E-04
2.30321950E-01  3.95132648E-03  1.43948462E-04
2.31590942E-01  3.86865344E-03  1.46480641E-04
2.32859933E-01  3.83158657E-03  1.43453741E-04
2.34128925E-01  3.69177409E-03  1.40834120E-04
2.35397916E-01  3.98005359E-03  1.41411656E-04
2.36666908E-01  4.06369567E-03  1.45434009E-04
2.37935899E-01  3.93712148E-03  1.44346617E-04
2.39204891E-01  3.74044175E-03  1.37224837E-04
2.40473882E-01  4.02869424E-03  1.44217018E-04
2.41742874E-01  3.88104352E-03  1.39634605E-04
2.43011865E-01  3.77026969E-03  1.40257675E-04
2.44280857E-01  3.75903351E-03  1.40186516E-04
2.45549848E-01  3.95016931E-03  1.37911804E-04
2.46818839E-01  4.13542893E-03  1.42147110E-04
2.48087831E-01  3.72913689E-03  1.36699920E-04
2.49356822E-01  3.66115617E-03  1.37012496E-04
2.50625814E-01  3.91900958E-03  1.35660361E-04
2.51894805E-01  3.90522159E-03  1.36705639E-04
2.53163797E-01  3.87240737E-03  1.39017167E-04
2.54432788E-01  4.11292864E-03  1.38650648E-04
2.55701780E-01  4.18218132E-03  1.38053394E-04
2.56970771E-01  4.01081098E-03  1.35195805E-04
2.58239763E-01  3.73193366E-03  1.35045280E-04
2.59508754E-01  3.91331501E-03  1.36440882E-04
2.60777746E-01  3.86808487E-03  1.31645298E-04
2.62046737E-01  3.92756192E-03  1.36055038E-04
2.63315728E-01  3.73062701E-03  1.30932211E-04
2.64584720E-01  3.77342431E-03  1.34792775E-04
2.65853711E-01  3.70600214E-03  1.32237881E-04
2.67122703E-01  3.92721966E-03  1.29667562E-04
2.68391694E-01  3.67978867E-03  1.31244902E-04
2.69660686E-01  3.82385473E-03  1.31469074E-04
2.70929677E-01  3.87516990E-03  1.32969857E-04
2.72198669E-01  3.97631619E-03  1.31865454E-04
2.73467660E-01  3.98568762E-03  1.30858956E-04
2.74736652E-01  3.76874907E-03  1.32981659E-04
2.76005643E-01  3.83035815E-03  1.27425403E-04
2.77274635E-01  3.98529368E-03  1.30283413E-04
2.78543626E-01  3.82816116E-03  1.29679291E-04
2.79812618E-01  4.04666504E-03  1.30075045E-04
2.81081609E-01  3.83932143E-03  1.30625907E-04
2.82350600E-01  3.99236241E-03  1.27347841E-04
2.83619592E-01  3.85260000E-03  1.27209816E-04
2.84888583E-01  3.92049225E-03  1.26888161E-04
2.86157575E-01  3.76348873E-03  1.27273248E-04
2.87426566E-01  3.87471518E-03  1.27933992E-04
2.88695558E-01  3.68379336E-03  1.24713886E-04
2.89964549E-01  3.90294846E-03  1.28120402E-04
2.91233541E-01  3.99813009E-03  1.25993349E-04
2.92502532E-01  3.99265019E-03  1.26656407E-04
2.93771524E-01  3.93995643E-03  1.27681225E-04
2.95040515E-01  4.02568281E-03  1.28355212E-04
2.96309507E-01  3.68725020E-03  1.28261818E-04
2.97578498E-01  3.94084118E-03  1.28896834E-04
2.98847489E-01  4.05847048E-03  1.29550652E-04
3.00116481E-01  3.90739879E-03  1.28594649E-04
3.01385472E-01  3.87649261E-03  1.27881940E-04
3.02654464E-01  3.98228457E-03  1.32854053E-04
3.03923455E-01  4.19148337E-03  1.29268039E-04
3.05192447E-01  3.97182722E-03  1.31851324E-04
3.06461438E-01  3.74512235E-03  1.28256637E-04
3.07730430E-01  4.23219847E-03  1.31770226E-04
3.08999421E-01  3.96803999E-03  1.30115906E-04
3.10268413E-01  3.96148209E-03  1.28617859E-04
3.11537404E-01  3.95387737E-03  1.31628811E-04
3.12806396E-01  3.94355552E-03  1.28812215E-04
3.14075387E-01  4.06744378E-03  1.32563757E-04
3.15344378E-01  3.96474078E-03  1.28154439E-04
3.16613370E-01  4.14141035E-03  1.32224712E-04
3.17882361E-01  3.99220502E-03  1.31053152E-04
3.19151353E-01  4.00554296E-03  1.28494765E-04
3.20420344E-01  3.91684705E-03  1.29441687E-04
3.21689336E-01  4.18953085E-03  1.33388909E-04
3.22958327E-01  3.91369825E-03  1.32478570E-04
3.24227319E-01  3.99569934E-03  1.33078065E-04
3.25496310E-01  4.01405431E-03  1.32173867E-04
3.26765302E-01  4.25575115E-03  1.35714829E-04
3.28034293E-01  4.09735925E-03  1.33379319E-04
3.29303285E-01  4.05795965E-03  1.34855058E-04
3.30572276E-01  4.08568373E-03  1.33853333E-04
3.31841267E-01  4.09680512E-03  1.34302274E-04
3.33110259E-01  4.16731648E-03  1.38405783E-04
3.34379250E-01  4.21706401E-03  1.35576207E-04
3.35648242E-01  4.30995412E-03  1.40343429E-04
3.36917233E-01  4.18095710E-03  1.35264592E-04
3.38186225E-01  4.10083309E-03  1.35333015E-04
3.39455216E-01  3.82305845E-03  1.35616006E-04
3.40724208E-01  4.22319258E-03  1.36458708E-04
3.41993199E-01  4.17169603E-03  1.36701710E-04
3.43262191E-01  4.26433468E-03  1.37908937E-04
3.44531182E-01  4.06182371E-03  1.37464755E-04
3.45800174E-01  4.13915329E-03  1.38810923E-04
3.47069165E-01  4.16247500E-03  1.35512877E-04
3.48338156E-01  4.05932544E-03  1.37296098E-04
3.49607148E-01  4.05769935E-03  1.33731621E-04
3.50876139E-01  4.18653106E-03  1.38273172E-04
3.52145131E-01  4.05894406E-03  1.35122740E-04
3.53414122E-01  4.00605239E-03  1.34958915E-04
3.54683114E-01  4.09340346E-03  1.36508956E-04
3.55952105E-01  4.28901194E-03  1.38789997E-04
3.57221097E-01  4.12944751E-03  1.36473245E-04
3.58490088E-01  4.23422502E-03  1.36637027E-04
3.59759080E-01  4.07296792E-03  1.36148388E-04
3.61028071E-01  4.24692174E-03  1.37135998E-04
3.62297063E-01  4.10157442E-03  1.36747622E-04
3.63566054E-01  4.22121352E-03  1.38599935E-04
3.64835046E-01  4.08140430E-03  1.35298411E-04
3.66104037E-01  3.97334108E-03  1.37236770E-04
3.67373028E-01  4.05126950E-03  1.34301386E-04
3.68642020E-01  4.23604855E-03  1.39181779E-04
3.69911011E-01  3.82232899E-03  1.35529146E-04
3.71180003E-01  4.25678026E-03  1.39126918E-04
3.72448994E-01  4.33817459E-03  1.42792705E-04
3.73717986E-01  4.38625924E-03  1.38435600E-04
3.74986977E-01  4.20406694E-03  1.40222241E-04
3.76255969E-01  4.23663715E-03  1.38748044E-04
3.77524960E-01  4.19875421E-03  1.39914511E-04
3.78793952E-01  4.35579708E-03  1.41483033E-04
3.80062943E-01  4.43306379E-03  1.38914344E-04
3.81331935E-01  4.65861522E-03  1.44924154E-04
3.82600926E-01  4.48427908E-03  1.44099846E-04
3.83869917E-01  4.34278185E-03  1.44538106E-04
3.85138909E-01  4.33888985E-03  1.46033140E-04
3.86407900E-01  4.13928600E-03  1.43731304E-04
3.87676892E-01  4.27178852E-03  1.52032590E-04
3.88945883E-01  4.12766356E-03  1.45486629E-04
3.90214875E-01  4.22016811E-03  1.47586165E-04
3.91483866E-01  4.37493715E-03  1.50549138E-04
3.92752858E-01  4.39369213E-03  1.52058070E-04
3.94021849E-01  4.29335609E-03  1.52786757E-04
3.95290841E-01  4.37535578E-03  1.53266461E-04
3.96559832E-01  4.63392586E-03  1.58157811E-04
3.97828824E-01  4.19845991E-03  1.55674978E-04
3.99097815E-01  4.24574874E-03  1.59320523E-04
4.00366806E-01  4.50824294E-03  1.64318466E-04
4.01635798E-01  4.38665226E-03  1.67229373E-04
4.02904789E-01  4.35950654E-03  1.71293854E-04
4.04173781E-01  4.38231882E-03  1.66960366E-04
4.05442772E-01  4.76519903E-03  1.76802700E-04
4.06711764E-01  4.67922585E-03  1.75558336E-04
4.07980755E-01  4.52040043E-03  1.80902891E-04
4.09249747E-01  4.43095760E-03  1.81085372E-04
4.10518738E-01  4.37974464E-03  1.78065413E-04
4.11787730E-01  4.16950090E-03  1.82402888E-04
4.13056721E-01  4.61373711E-03  1.84318415E-04
4.14325713E-01  4.34182119E-03  1.87006139E-04
4.15594704E-01  4.17322014E-03  1.85133889E-04
4.16863695E-01  4.33477852E-03  1.91513565E-04
4.18132687E-01  4.44063963E-03  1.97442205E-04
4.19401678E-01  4.17019939E-03  1.87637430E-04
4.20670670E-01  4.23809094E-03  1.95648725E-04
4.21939661E-01  4.73729102E-03  2.03649397E-04
4.23208653E-01  4.46039485E-03  2.06458295E-04
4.24477644E-01  4.34769504E-03  2.02083160E-04
4.25746636E-01  4.49774228E-03  2.04392505E-04
4.27015627E-01  4.70268773E-03  2.16510802E-04
4.28284619E-01  5.03528630E-03  2.17554232E-04
4.29553610E-01  4.94370330E-03  2.24573319E-04
4.30822602E-01  4.44220239E-03  2.13020132E-04
4.32091593E-01  4.74729016E-03  2.26314849E-04
4.33360584E-01  4.97532543E-03  2.28136472E-04
4.34629576E-01  4.95452667E-03  2.30227961E-04
4.35898567E-01  4.59581194E-03  2.32734877E-04
4.37167559E-01  4.32377821E-03  2.25596639E-04
4.38436550E-01  4.42070002E-03  2.44647585E-04
4.39705542E-01  4.74647013E-03  2.36097476E-04
4.40974533E-01  4.71314369E-03  2.43784758E-04
4.42243525E-01  4.23201220E-03  2.47130578E-04
4.43512516E-01  4.79556480E-03  2.44213879E-04
4.44781508E-01  4.42889426E-03  2.54438346E-04
4.46050499E-01  4.79291147E-03  2.54410348E-04
4.47319491E-01  4.67331149E-03  2.61501351E-04
4.48588482E-01  4.59519448E-03  2.69503507E-04
4.49857473E-01  4.41753957E-03  2.60871806E-04
4.51126465E-01  4.93547134E-03  2.76187551E-04
4.52395456E-01  4.58220346E-03  2.74308084E-04
4.53664448E-01  4.49207285E-03  2.81151908E-04
4.54933439E-01  4.88810008E-03  2.88342970E-04
4.56202431E-01  4.91298642E-03  3.03066743E-04
4.57471422E-01  5.09137195E-03  3.04593443E-04
4.58740414E-01  4.55792993E-03  2.99598440E-04
4.60009405E-01  4.89595532E-03  3.14357923E-04
4.61278397E-01  4.42534639E-03  3.10449104E-04
4.62547388E-01  4.63304855E-03  3.19959508E-04
4.63816380E-01  4.63490654E-03  3.32266121E-04
4.65085371E-01  4.80486173E-03  3.32292781E-04
4.66354363E-01  4.56296885E-03  3.42637853E-04
4.67623354E-01  4.35334630E-03  3.46044108E-04
4.68892345E-01  5.16249612E-03  3.66308930E-04
4.70161337E-01  4.73057292E-03  3.73906747E-04
4.71430328E-01  4.71257139E-03  3.77005694E-04
4.72699320E-01  4.97535570E-03  4.04789229E-04
4.73968311E-01  4.60048392E-03  4.03081358E-04
4.75237303E-01  5.06587001E-03  4.17867297E-04
4.76506294E-01  5.16638113E-03  4.40776028E-04
4.77775286E-01  5.25749475E-03  4.59301024E-04
4.79044277E-01  5.28068887E-03  4.72478598E-04
4.80313269E-01  4.77631809E-03  4.75591136E-04
4.81582260E-01  5.34091704E-03  5.34091669E-04
4.82851252E-01  4.83217742E-03  5.13248029E-04
4.84120243E-01  5.31722233E-03  5.68667136E-04
4.85389234E-01  4.93915705E-03  5.84575289E-04
4.86658226E-01  5.06969355E-03  6.02773798E-04
4.87927217E-01  5.39209321E-03  6.43120497E-04
4.89196209E-01  6.21678494E-03  7.37220049E-04
4.90465200E-01  3.63998278E-03  6.42032595E-04
4.91734192E-01  5.45033906E-03  8.11144477E-04
4.93003183E-01  4.44473140E-03  8.40895169E-04
4.94272175E-01  5.41822426E-03  9.25062690E-04
4.95541166E-01  3.80629417E-03  9.24763270E-04
4.96810158E-01  5.76761551E-03  1.08142791E-03
4.98079149E-01  4.40620398E-03  1.14476541E-03
4.99348141E-01  6.06554374E-03  1.27778272E-03
5.00617132E-01  4.88157384E-03  1.32989301E-03
5.01886123E-01  6.71275426E-03  1.43116398E-03
5.03155115E-01  3.96697642E-03  1.52688997E-03
5.04424106E-01  5.45506738E-03  1.78804772E-03
5.05693098E-01  7.14179454E-03  2.50937068E-03
5.06962089E-01  3.96800414E-03  2.21818173E-03
5.08231081E-01  7.93671422E-03  5.61210420E-03
5.09500072E-01  0.00000000E+00  0.00000000E+00
5.10769064E-01  0.00000000E+00  0.00000000E+00
5.12038055E-01  0.00000000E+00  0.00000000E+00
5.13307047E-01  0.00000000E+00  0.00000000E+00


### HEADER:
#
#{
#    "analysis": {
#        "uvvis": {
#            "UVDarkTransmission": 1.0,
#            "UVPathlength": 1.5,
#            "UVTransmission": 1.0
#        }
#    },
#    "calibration_params": {
#        "Beam_Center_X": 316.5,
#        "Beam_Center_Y": 253.5,
#        "Detector Tilt": 0.0,
#        "Detector Tilt Plane Rotation": 0.0,
#        "Detector_X_Pixel_Size": 172.0,
#        "Detector_Y_Pixel_Size": 172.0,
#        "Integration Method": "nosplit_csr",
#        "Radial_Average_Method": "pyFAI",
#        "Sample-to-detector distance (mm)": 632.5,
#        "Wavelength (A)": 1.3403697127913543
#    },
#    "config_file": null,
#    "counters": {},
#    "filename": "11790_A1_MT_MQ_009_c.tiff",
#    "history": {},
#    "imageHeader": {
#        "AFTER": 324968560.0,
#        "BEFORE": 324968560.0,
#        "IC": 324968560.0,
#        "Img.ImgType": "2D",
#        "Img.Site": "TUM",
#        "Meas.Description": "MT_MQ",
#        "aquire_timestamp": "Wed Mar 01 08:59:06 2023",
#        "beam_x": 316.33,
#        "beam_y": 231.94,
#        "beamcenter_actual": "316.33    231.94",
#        "beamcenter_nominal": "316.33    231.94",
#        "bstop": 32.0,
#        "calibrationtype": "geom",
#        "configuraton_number": 2.0,
#        "data_added_constant": 0.0,
#        "data_multiplied_constant": 1.0,
#        "dataset_comments": "MT_MQ",
#        "datatype": "tiff",
#        "det_count_cutoff": 1147717.0,
#        "det_excluded_pixels": "badpix_mask.tif",
#        "det_exposure_period": 62.0,
#        "det_exposure_time": 60.0,
#        "det_flat_field": "(nil)",
#        "det_n_excluded_pixels": 30.0,
#        "det_pixel_size": "172e-6 172e-6",
#        "det_tau": 0.0,
#        "det_thickness": 0.00045,
#        "det_threshold_setting": 4024.0,
#        "det_trim_directory": "p3-0242_E8048_T4024.bin",
#        "detector_dist": 1425.0,
#        "detector_function": "saxs",
#        "detector_sn": "dec1174",
#        "detectortype": "Pilatus",
#        "detx": 1300.0,
#        "dety": 1.371563,
#        "detz": 0.0,
#        "dxdont": 525.0,
#        "error_norm_fact": 1.0,
#        "exposure_time": 60.0,
#        "flatfield_applied": 0.0,
#        "hg1": 2.5,
#        "hg2": 1.05,
#        "hg3": 0.0,
#        "hp1": 0.0,
#        "hp2": 0.0,
#        "hp3": 0.0,
#        "integration_time": 60.0,
#        "livetime": 60.0,
#        "log": "log",
#        "pd": 0.0,
#        "photons_per_100adu": 100.0,
#        "pixelsize": "0.172 0.172",
#        "pixelsize_x": 172.0,
#        "pixelsize_y": 172.0,
#        "reduction_type": "s",
#        "sample_ID": "p 10 10",
#        "sample_angle1": 0.0,
#        "sample_bio_cell_temp": 25.0,
#        "sample_bio_code": "None",
#        "sample_bio_run_number": 1.0,
#        "sample_bio_sample": "p 10 10",
#        "sample_bio_uv_dark": 1.0,
#        "sample_bio_uv_pathlength": 1.5,
#        "sample_bio_uv_trans": 1.0,
#        "sample_concentration": 1.0,
#        "sample_transfact": 1.0,
#        "sample_ypos": 2.5,
#        "sample_zpos": 68.9,
#        "saturated_value": 1147717.0,
#        "saxsconf_Ieff": 1.0,
#        "saxsconf_Imon": 324968560.0,
#        "saxsconf_Itrans": 324968560.0,
#        "saxsconf_Izero": 324968560.0,
#        "saxsconf_det_offx": 0.0,
#        "saxsconf_det_offy": 0.0,
#        "saxsconf_det_pixsizey": 0.172,
#        "saxsconf_det_pixsizez": 0.172,
#        "saxsconf_det_rotx": 0.0,
#        "saxsconf_det_roty": 0.0,
#        "saxsconf_dwavelength": 0.004,
#        "saxsconf_l1": 725.0,
#        "saxsconf_l2": 400.0,
#        "saxsconf_l3": 200.0,
#        "saxsconf_r1": 1.25,
#        "saxsconf_r2": 0.525,
#        "saxsconf_r3": 0.0,
#        "saxsconf_wavelength": 1.3428,
#        "solz": 0.0,
#        "source_kV": 0.0,
#        "source_ma": 0.0,
#        "source_type": "EXCILLUMMETALJET",
#        "start_timestamp": "Wed Mar 01 08:59:06 2023",
#        "thsam": 0.0,
#        "vg1": 2.5,
#        "vg2": 1.05,
#        "vg3": 0.0,
#        "vp1": 0.0,
#        "vp2": 0.0,
#        "vp3": 0.0,
#        "wavelength": 1.3428,
#        "xaxisbintype": "lin",
#        "zinger_removal": 0.0,
#        "zsam": 68.9
#    },
#    "load_path": "/home/saxslab/BIODATA/Users/Course_010323/11790_A1_MT_MQ_009_c.tiff",
#    "normalizations": {
#        "Absolute_scale": {
#            "Absolute_scale_factor": 0.7601938,
#            "Method": "Water"
#        },
#        "Counter_norms": [
#            [
#                "/",
#                "exposure_time"
#            ],
#            [
#                "/",
#                "saxsconf_Izero/1e8"
#            ]
#        ],
#        "Polarization": {
#            "Used": false
#        },
#        "Solid_Angle_Correction": "On"
#    },
#    "raw_version": "2.1.4"
#}

