### DATA:
#
# 393
#      Q             I(Q)           Error     
1.58623933E-02  8.20610940E-01  8.93394463E-03
1.71313847E-02  4.12144125E-01  5.90406219E-03
1.84003762E-02  2.50498891E-01  4.70633153E-03
1.96693677E-02  1.84640005E-01  3.86855635E-03
2.09383591E-02  1.42767504E-01  3.47490679E-03
2.22073506E-02  1.14253908E-01  2.72187451E-03
2.34763421E-02  1.03587605E-01  2.68268050E-03
2.47453335E-02  8.97438675E-02  2.41233013E-03
2.60143250E-02  8.21162388E-02  2.20015622E-03
2.72833164E-02  7.34038725E-02  2.18170369E-03
2.85523079E-02  6.86705709E-02  1.82748295E-03
2.98212994E-02  6.20845295E-02  1.85761973E-03
3.10902908E-02  6.16884641E-02  1.77783135E-03
3.23592823E-02  5.45728244E-02  1.67146709E-03
3.36282738E-02  4.94613759E-02  1.55097828E-03
3.48972652E-02  5.04147150E-02  1.44514651E-03
3.61662567E-02  4.73087840E-02  1.44762278E-03
3.74352481E-02  4.68169637E-02  1.40774983E-03
3.87042396E-02  4.38370854E-02  1.37732597E-03
3.99732311E-02  3.79751027E-02  1.21804175E-03
4.12422225E-02  3.85350697E-02  1.20070833E-03
4.25112140E-02  3.78413759E-02  1.20328029E-03
4.37802055E-02  3.82612720E-02  1.17518357E-03
4.50491969E-02  3.66042852E-02  1.14837848E-03
4.63181884E-02  3.57908346E-02  1.09620823E-03
4.75871798E-02  3.67673077E-02  1.10257429E-03
4.88561713E-02  3.32905240E-02  1.09754584E-03
5.01251628E-02  3.28093320E-02  9.85209947E-04
5.13941542E-02  3.36266793E-02  9.89444670E-04
5.26631457E-02  3.08560487E-02  9.70423571E-04
5.39321372E-02  3.12478486E-02  9.62031016E-04
5.52011286E-02  3.35861817E-02  1.03550591E-03
5.64701201E-02  3.26921605E-02  9.16278048E-04
5.77391115E-02  3.08436453E-02  9.43785475E-04
5.90081030E-02  3.26657742E-02  9.47328575E-04
6.02770945E-02  3.14307958E-02  9.26834939E-04
6.15460859E-02  2.90282872E-02  8.76414124E-04
6.28150774E-02  3.13745923E-02  8.73536745E-04
6.40840689E-02  3.11868992E-02  9.23262560E-04
6.53530603E-02  3.04121468E-02  8.60116677E-04
6.66220518E-02  2.89057922E-02  8.54945276E-04
6.78910432E-02  3.13929841E-02  8.26118572E-04
6.91600347E-02  3.00350729E-02  8.31413839E-04
7.04290262E-02  3.05647571E-02  8.55940802E-04
7.16980176E-02  2.92103700E-02  7.97060784E-04
7.29670091E-02  2.98520233E-02  8.02397728E-04
7.42360006E-02  3.12200729E-02  8.14276049E-04
7.55049920E-02  3.00994162E-02  7.99873262E-04
7.67739835E-02  2.98899412E-02  8.11378588E-04
7.80429750E-02  2.83702537E-02  7.38181465E-04
7.93119664E-02  3.01235430E-02  7.84066739E-04
8.05809579E-02  3.11180931E-02  7.79168273E-04
8.18499493E-02  3.17277238E-02  7.92432111E-04
8.31189408E-02  3.14075649E-02  8.07445613E-04
8.43879323E-02  3.41842696E-02  7.86101038E-04
8.56569237E-02  3.46925035E-02  7.87044410E-04
8.69259152E-02  3.67803015E-02  8.15325824E-04
8.81949067E-02  4.02769335E-02  8.52337980E-04
8.94638981E-02  4.51355614E-02  9.14868200E-04
9.07328896E-02  5.47532588E-02  9.66853113E-04
9.20018810E-02  6.96865767E-02  1.10046682E-03
9.32708725E-02  8.99436846E-02  1.23921817E-03
9.45398640E-02  1.14773437E-01  1.37014221E-03
9.58088554E-02  1.42470539E-01  1.53300515E-03
9.70778469E-02  1.62451878E-01  1.60993438E-03
9.83468384E-02  1.79401398E-01  1.74258254E-03
9.96158298E-02  1.81693703E-01  1.67539704E-03
1.00884821E-01  1.72473803E-01  1.63234980E-03
1.02153813E-01  1.55538246E-01  1.57535856E-03
1.03422804E-01  1.33457378E-01  1.40825158E-03
1.04691796E-01  1.05775528E-01  1.29915564E-03
1.05960787E-01  8.55833068E-02  1.11505052E-03
1.07229779E-01  6.78394660E-02  1.00406550E-03
1.08498770E-01  5.64571694E-02  9.05665220E-04
1.09767762E-01  4.84093763E-02  8.38768552E-04
1.11036753E-01  4.31330204E-02  8.06965050E-04
1.12305744E-01  4.07943241E-02  7.41102383E-04
1.13574736E-01  3.72358859E-02  7.60860741E-04
1.14843727E-01  3.80157530E-02  7.47419777E-04
1.16112719E-01  3.73366363E-02  7.58974988E-04
1.17381710E-01  3.65340039E-02  7.58658920E-04
1.18650702E-01  3.35467495E-02  6.98132440E-04
1.19919693E-01  3.34658660E-02  7.02406920E-04
1.21188685E-01  3.37914042E-02  7.14449736E-04
1.22457676E-01  3.31292264E-02  7.07120285E-04
1.23726668E-01  3.10196429E-02  6.87791966E-04
1.24995659E-01  3.14796790E-02  6.81280042E-04
1.26264651E-01  3.09676509E-02  7.01811863E-04
1.27533642E-01  3.05639394E-02  6.92665519E-04
1.28802633E-01  3.03164590E-02  6.95684284E-04
1.30071625E-01  2.95617934E-02  7.02851336E-04
1.31340616E-01  3.07276398E-02  7.17111165E-04
1.32609608E-01  3.06742322E-02  7.33437482E-04
1.33878599E-01  3.01484633E-02  6.93100155E-04
1.35147591E-01  2.88390778E-02  7.04008271E-04
1.36416582E-01  2.95460429E-02  7.17861636E-04
1.37685574E-01  2.90250145E-02  7.12805020E-04
1.38954565E-01  3.08878552E-02  7.57414964E-04
1.40223557E-01  2.97006499E-02  6.92584494E-04
1.41492548E-01  2.81723551E-02  7.15330068E-04
1.42761540E-01  2.97835097E-02  7.39493815E-04
1.44030531E-01  2.81297024E-02  7.12397450E-04
1.45299522E-01  2.88346559E-02  7.30269065E-04
1.46568514E-01  2.86232363E-02  7.01877754E-04
1.47837505E-01  2.89683696E-02  7.09052954E-04
1.49106497E-01  2.98806280E-02  7.09228509E-04
1.50375488E-01  2.93772966E-02  7.00246659E-04
1.51644480E-01  2.81428732E-02  6.77197066E-04
1.52913471E-01  2.79507674E-02  6.60078367E-04
1.54182463E-01  2.88037062E-02  6.70202251E-04
1.55451454E-01  2.97470670E-02  6.73632778E-04
1.56720446E-01  2.74523906E-02  6.45609456E-04
1.57989437E-01  2.87130997E-02  6.69361150E-04
1.59258429E-01  2.98914071E-02  6.78636599E-04
1.60527420E-01  2.92003863E-02  6.58053556E-04
1.61796411E-01  2.89037712E-02  6.16640376E-04
1.63065403E-01  2.85058301E-02  6.21727260E-04
1.64334394E-01  2.85872314E-02  6.18104648E-04
1.65603386E-01  2.86838785E-02  6.14608813E-04
1.66872377E-01  2.92273927E-02  6.25963206E-04
1.68141369E-01  3.06502394E-02  5.97093080E-04
1.69410360E-01  2.82335877E-02  5.90761367E-04
1.70679352E-01  2.93959938E-02  6.02417451E-04
1.71948343E-01  3.02355625E-02  5.97111008E-04
1.73217335E-01  3.04007512E-02  6.03674911E-04
1.74486326E-01  2.99002156E-02  5.81142434E-04
1.75755318E-01  3.05028539E-02  5.96603961E-04
1.77024309E-01  2.97183078E-02  5.85642818E-04
1.78293300E-01  3.07675991E-02  5.72615070E-04
1.79562292E-01  3.00293118E-02  5.78758249E-04
1.80831283E-01  3.10966801E-02  5.79046260E-04
1.82100275E-01  3.17498595E-02  5.82982320E-04
1.83369266E-01  3.04352641E-02  5.80371299E-04
1.84638258E-01  3.19351666E-02  5.73109079E-04
1.85907249E-01  3.35350186E-02  5.93932171E-04
1.87176241E-01  3.46157700E-02  5.96909784E-04
1.88445232E-01  3.66551317E-02  6.12793898E-04
1.89714224E-01  3.83820347E-02  6.19225437E-04
1.90983215E-01  4.24310230E-02  6.59292797E-04
1.92252207E-01  4.47845273E-02  6.64514024E-04
1.93521198E-01  4.94686477E-02  7.02549238E-04
1.94790190E-01  5.22061288E-02  6.97198149E-04
1.96059181E-01  5.64978532E-02  7.35851238E-04
1.97328172E-01  6.07871674E-02  7.67064863E-04
1.98597164E-01  6.09695427E-02  7.69182516E-04
1.99866155E-01  5.97087070E-02  7.54658540E-04
2.01135147E-01  5.72211109E-02  7.23102305E-04
2.02404138E-01  5.36954217E-02  6.94130955E-04
2.03673130E-01  5.00450768E-02  6.75545016E-04
2.04942121E-01  4.52983119E-02  6.50445756E-04
2.06211113E-01  4.03657444E-02  5.98881277E-04
2.07480104E-01  3.63010801E-02  5.64931193E-04
2.08749096E-01  3.50371301E-02  5.64158661E-04
2.10018087E-01  3.31822149E-02  5.46102005E-04
2.11287079E-01  3.15454230E-02  5.22206537E-04
2.12556070E-01  3.04145589E-02  5.03696036E-04
2.13825061E-01  2.91830972E-02  5.04723925E-04
2.15094053E-01  2.94176824E-02  5.05688891E-04
2.16363044E-01  2.83959843E-02  4.98387089E-04
2.17632036E-01  2.71644145E-02  4.76109388E-04
2.18901027E-01  2.68898066E-02  4.74889879E-04
2.20170019E-01  2.51072943E-02  4.58735012E-04
2.21439010E-01  2.59400699E-02  4.67980892E-04
2.22708002E-01  2.66028065E-02  4.65038756E-04
2.23976993E-01  2.50414070E-02  4.54210007E-04
2.25245985E-01  2.49149054E-02  4.50275082E-04
2.26514976E-01  2.48481520E-02  4.53078828E-04
2.27783968E-01  2.39215959E-02  4.37419454E-04
2.29052959E-01  2.42449231E-02  4.37466690E-04
2.30321950E-01  2.38869358E-02  4.30717686E-04
2.31590942E-01  2.35737264E-02  4.39447322E-04
2.32859933E-01  2.33207494E-02  4.28879051E-04
2.34128925E-01  2.25380119E-02  4.18725831E-04
2.35397916E-01  2.35492513E-02  4.20448225E-04
2.36666908E-01  2.27801464E-02  4.21508099E-04
2.37935899E-01  2.25070566E-02  4.20497236E-04
2.39204891E-01  2.22430434E-02  4.04481019E-04
2.40473882E-01  2.26814616E-02  4.19587886E-04
2.41742874E-01  2.24005077E-02  4.10960376E-04
2.43011865E-01  2.16428377E-02  4.04444552E-04
2.44280857E-01  2.18253080E-02  4.06508800E-04
2.45549848E-01  2.22284906E-02  4.00097953E-04
2.46818839E-01  2.19009463E-02  4.04924969E-04
2.48087831E-01  2.18055751E-02  3.99524608E-04
2.49356822E-01  2.10791100E-02  3.95500741E-04
2.50625814E-01  2.21133828E-02  3.93476250E-04
2.51894805E-01  2.17566453E-02  3.94754985E-04
2.53163797E-01  2.05218326E-02  3.90620204E-04
2.54432788E-01  2.11099181E-02  3.86008440E-04
2.55701780E-01  2.13176236E-02  3.88050714E-04
2.56970771E-01  2.10066773E-02  3.80564423E-04
2.58239763E-01  2.07998883E-02  3.85062012E-04
2.59508754E-01  2.14893259E-02  3.89797700E-04
2.60777746E-01  2.18776874E-02  3.81549471E-04
2.62046737E-01  2.09922921E-02  3.86243599E-04
2.63315728E-01  2.13619210E-02  3.78564408E-04
2.64584720E-01  2.09627524E-02  3.83992272E-04
2.65853711E-01  2.06528995E-02  3.77656455E-04
2.67122703E-01  2.13589724E-02  3.69029003E-04
2.68391694E-01  2.08691768E-02  3.76321812E-04
2.69660686E-01  2.09845975E-02  3.74393974E-04
2.70929677E-01  2.08380129E-02  3.77106888E-04
2.72198669E-01  2.08822098E-02  3.70353926E-04
2.73467660E-01  2.10462175E-02  3.69661662E-04
2.74736652E-01  2.08320171E-02  3.76092328E-04
2.76005643E-01  2.02993378E-02  3.57194454E-04
2.77274635E-01  2.04134602E-02  3.62869847E-04
2.78543626E-01  2.05995608E-02  3.64976237E-04
2.79812618E-01  2.06751060E-02  3.61725281E-04
2.81081609E-01  2.12238990E-02  3.74467869E-04
2.82350600E-01  2.09526289E-02  3.59775149E-04
2.83619592E-01  2.06956770E-02  3.60554055E-04
2.84888583E-01  2.05219351E-02  3.57308687E-04
2.86157575E-01  2.07548775E-02  3.61051963E-04
2.87426566E-01  2.08215900E-02  3.62277555E-04
2.88695558E-01  2.11735051E-02  3.58597172E-04
2.89964549E-01  2.08260585E-02  3.61604179E-04
2.91233541E-01  2.02597640E-02  3.50402115E-04
2.92502532E-01  2.08059121E-02  3.54929303E-04
2.93771524E-01  2.04247031E-02  3.55460128E-04
2.95040515E-01  2.09398661E-02  3.60885868E-04
2.96309507E-01  2.03204844E-02  3.64216045E-04
2.97578498E-01  2.17672940E-02  3.68436566E-04
2.98847489E-01  2.11328231E-02  3.65433312E-04
3.00116481E-01  2.04962306E-02  3.61096987E-04
3.01385472E-01  2.09279619E-02  3.64796579E-04
3.02654464E-01  2.10364386E-02  3.75762233E-04
3.03923455E-01  2.16216985E-02  3.64447100E-04
3.05192447E-01  2.09627617E-02  3.71693342E-04
3.06461438E-01  2.10517738E-02  3.67201283E-04
3.07730430E-01  1.98674221E-02  3.57414712E-04
3.08999421E-01  2.10656971E-02  3.66707332E-04
3.10268413E-01  2.12301482E-02  3.66577064E-04
3.11537404E-01  2.17417870E-02  3.79226549E-04
3.12806396E-01  2.10882928E-02  3.65287327E-04
3.14075387E-01  2.13777758E-02  3.74923198E-04
3.15344378E-01  2.07477212E-02  3.59728030E-04
3.16613370E-01  2.08432656E-02  3.67720029E-04
3.17882361E-01  2.08614189E-02  3.67723464E-04
3.19151353E-01  2.11382061E-02  3.64044303E-04
3.20420344E-01  2.12710947E-02  3.69603891E-04
3.21689336E-01  2.08068211E-02  3.69551417E-04
3.22958327E-01  2.08500382E-02  3.73059476E-04
3.24227319E-01  2.10273322E-02  3.75255186E-04
3.25496310E-01  2.06472799E-02  3.69543297E-04
3.26765302E-01  2.07864046E-02  3.75878299E-04
3.28034293E-01  2.15864833E-02  3.79087782E-04
3.29303285E-01  2.14185640E-02  3.82239989E-04
3.30572276E-01  2.11253949E-02  3.76873795E-04
3.31841267E-01  2.09706258E-02  3.73099581E-04
3.33110259E-01  2.07298491E-02  3.83669918E-04
3.34379250E-01  2.20113099E-02  3.83038248E-04
3.35648242E-01  2.11862698E-02  3.89473687E-04
3.36917233E-01  2.16799323E-02  3.83025297E-04
3.38186225E-01  2.13122647E-02  3.82608327E-04
3.39455216E-01  2.10230183E-02  3.85089399E-04
3.40724208E-01  2.17593014E-02  3.85023130E-04
3.41993199E-01  2.08070781E-02  3.80770769E-04
3.43262191E-01  2.07374357E-02  3.79082718E-04
3.44531182E-01  2.05620863E-02  3.80745711E-04
3.45800174E-01  2.09841449E-02  3.86283384E-04
3.47069165E-01  2.12198403E-02  3.79267905E-04
3.48338156E-01  2.16863081E-02  3.91603418E-04
3.49607148E-01  2.13451665E-02  3.80800368E-04
3.50876139E-01  2.05580760E-02  3.80830286E-04
3.52145131E-01  2.10880376E-02  3.79322242E-04
3.53414122E-01  2.07306743E-02  3.78247321E-04
3.54683114E-01  2.08347198E-02  3.77296354E-04
3.55952105E-01  2.14736853E-02  3.85522610E-04
3.57221097E-01  2.11202689E-02  3.83096834E-04
3.58490088E-01  2.12126169E-02  3.81342717E-04
3.59759080E-01  2.18050592E-02  3.89210618E-04
3.61028071E-01  2.10984554E-02  3.80990998E-04
3.62297063E-01  2.12183967E-02  3.84925632E-04
3.63566054E-01  2.08373927E-02  3.86664702E-04
3.64835046E-01  2.10232679E-02  3.79821635E-04
3.66104037E-01  2.09775604E-02  3.88853980E-04
3.67373028E-01  2.15097088E-02  3.82687664E-04
3.68642020E-01  2.19320338E-02  3.93429276E-04
3.69911011E-01  2.16944981E-02  3.89727182E-04
3.71180003E-01  2.11867057E-02  3.86638101E-04
3.72448994E-01  2.13936344E-02  3.96914635E-04
3.73717986E-01  2.10331436E-02  3.79991776E-04
3.74986977E-01  2.16078013E-02  3.93821509E-04
3.76255969E-01  2.08179727E-02  3.83230799E-04
3.77524960E-01  2.14538705E-02  3.92673770E-04
3.78793952E-01  2.21996177E-02  4.00634075E-04
3.80062943E-01  2.08766181E-02  3.79275967E-04
3.81331935E-01  2.12427992E-02  3.94560106E-04
3.82600926E-01  2.12547686E-02  3.93829949E-04
3.83869917E-01  2.04088837E-02  3.92533897E-04
3.85138909E-01  2.12219376E-02  4.05789964E-04
3.86407900E-01  2.13967543E-02  4.02608042E-04
3.87676892E-01  2.10919306E-02  4.22544370E-04
3.88945883E-01  2.09623408E-02  4.07670566E-04
3.90214875E-01  2.15052161E-02  4.15721937E-04
3.91483866E-01  2.13248041E-02  4.21249191E-04
3.92752858E-01  2.14486998E-02  4.21797100E-04
3.94021849E-01  2.12302767E-02  4.24481201E-04
3.95290841E-01  2.11139172E-02  4.21678385E-04
3.96559832E-01  2.20170990E-02  4.37421608E-04
3.97828824E-01  2.09691543E-02  4.32339002E-04
3.99097815E-01  2.08525639E-02  4.39969561E-04
4.00366806E-01  2.16848440E-02  4.54836525E-04
4.01635798E-01  2.12751124E-02  4.63569420E-04
4.02904789E-01  2.09079348E-02  4.73267282E-04
4.04173781E-01  2.12780554E-02  4.64052777E-04
4.05442772E-01  2.14185733E-02  4.81624331E-04
4.06711764E-01  2.18981095E-02  4.83686134E-04
4.07980755E-01  2.19332259E-02  5.00440423E-04
4.09249747E-01  2.09119450E-02  4.96413268E-04
4.10518738E-01  2.05140170E-02  4.84689692E-04
4.11787730E-01  2.12948993E-02  5.14092739E-04
4.13056721E-01  2.10747104E-02  5.02367213E-04
4.14325713E-01  2.11056359E-02  5.18280664E-04
4.15594704E-01  2.08891351E-02  5.13460313E-04
4.16863695E-01  2.14462299E-02  5.33181999E-04
4.18132687E-01  2.09621824E-02  5.42713155E-04
4.19401678E-01  2.16182023E-02  5.30970632E-04
4.20670670E-01  2.14779079E-02  5.51323523E-04
4.21939661E-01  2.11151112E-02  5.48738230E-04
4.23208653E-01  2.11269204E-02  5.62678266E-04
4.24477644E-01  2.12486964E-02  5.64210990E-04
4.25746636E-01  2.06029005E-02  5.55089035E-04
4.27015627E-01  2.21919026E-02  5.96800644E-04
4.28284619E-01  2.07290184E-02  5.72298013E-04
4.29553610E-01  2.22653020E-02  6.12949952E-04
4.30822602E-01  2.26083677E-02  6.04781497E-04
4.32091593E-01  2.03362796E-02  5.99147868E-04
4.33360584E-01  2.12010089E-02  6.12055941E-04
4.34629576E-01  2.17990372E-02  6.25765009E-04
4.35898567E-01  2.09223945E-02  6.29170681E-04
4.37167559E-01  2.15904079E-02  6.25227578E-04
4.38436550E-01  2.14200895E-02  6.81929814E-04
4.39705542E-01  2.08696947E-02  6.31663890E-04
4.40974533E-01  2.09336337E-02  6.57999830E-04
4.42243525E-01  2.16965396E-02  6.91815570E-04
4.43512516E-01  2.27475539E-02  6.78064884E-04
4.44781508E-01  2.14625262E-02  7.05493032E-04
4.46050499E-01  2.06340756E-02  6.79310237E-04
4.47319491E-01  2.01381017E-02  6.95630559E-04
4.48588482E-01  2.25816965E-02  7.55027053E-04
4.49857473E-01  2.07453575E-02  7.11312925E-04
4.51126465E-01  2.12013163E-02  7.43783836E-04
4.52395456E-01  2.14772318E-02  7.58612994E-04
4.53664448E-01  2.12581586E-02  7.62022857E-04
4.54933439E-01  2.08259020E-02  7.65310251E-04
4.56202431E-01  2.24633701E-02  8.33544589E-04
4.57471422E-01  2.15000138E-02  8.09262390E-04
4.58740414E-01  2.09370516E-02  8.14654515E-04
4.60009405E-01  2.17420217E-02  8.51106131E-04
4.61278397E-01  2.22466756E-02  8.73646350E-04
4.62547388E-01  2.02240702E-02  8.49677192E-04
4.63816380E-01  2.22601313E-02  9.26403911E-04
4.65085371E-01  2.21114978E-02  9.21120518E-04
4.66354363E-01  2.05901805E-02  9.22369363E-04
4.67623354E-01  2.18241010E-02  9.62408492E-04
4.68892345E-01  2.18507536E-02  9.78927012E-04
4.70161337E-01  2.28315908E-02  1.05859875E-03
4.71430328E-01  2.16784887E-02  1.01730460E-03
4.72699320E-01  2.31152847E-02  1.11851969E-03
4.73968311E-01  2.19238065E-02  1.11704902E-03
4.75237303E-01  2.14403216E-02  1.13116123E-03
4.76506294E-01  2.35848688E-02  1.21614675E-03
4.77775286E-01  2.09850017E-02  1.20924297E-03
4.79044277E-01  2.44441368E-02  1.34749792E-03
4.80313269E-01  2.01493762E-02  1.26632128E-03
4.81582260E-01  2.13179756E-02  1.40163326E-03
4.82851252E-01  2.20675319E-02  1.40627637E-03
4.84120243E-01  2.45525613E-02  1.60161813E-03
4.85389234E-01  2.25307122E-02  1.58088910E-03
4.86658226E-01  2.16309484E-02  1.61143660E-03
4.87927217E-01  2.42449380E-02  1.78713049E-03
4.89196209E-01  2.01613382E-02  1.78181648E-03
4.90465200E-01  2.45375130E-02  2.00979994E-03
4.91734192E-01  1.81948636E-02  1.93774479E-03
4.93003183E-01  1.91793535E-02  2.19727098E-03
4.94272175E-01  1.89891607E-02  2.29921751E-03
4.95541166E-01  2.12063566E-02  2.61003128E-03
4.96810158E-01  2.05031857E-02  2.76294653E-03
4.98079149E-01  2.33029369E-02  3.20090447E-03
4.99348141E-01  2.51414496E-02  3.42131802E-03
5.00617132E-01  2.07023174E-02  3.55041795E-03
5.01886123E-01  1.94862466E-02  3.55073018E-03
5.03155115E-01  1.67136341E-02  4.03113104E-03
5.04424106E-01  2.37530190E-02  4.84856497E-03
5.05693098E-01  2.37550661E-02  6.33468432E-03
5.06962089E-01  1.97975859E-02  6.56611659E-03
5.08231081E-01  2.37592198E-02  1.37173915E-02
5.09500072E-01  0.00000000E+00  0.00000000E+00
5.10769064E-01  0.00000000E+00  0.00000000E+00
5.12038055E-01  0.00000000E+00  0.00000000E+00
5.13307047E-01  0.00000000E+00  0.00000000E+00


### HEADER:
#
#{
#    "analysis": {
#        "uvvis": {
#            "UVDarkTransmission": 1.0,
#            "UVPathlength": 1.5,
#            "UVTransmission": 1.0
#        }
#    },
#    "calibration_params": {
#        "Beam_Center_X": 316.5,
#        "Beam_Center_Y": 253.5,
#        "Detector Tilt": 0.0,
#        "Detector Tilt Plane Rotation": 0.0,
#        "Detector_X_Pixel_Size": 172.0,
#        "Detector_Y_Pixel_Size": 172.0,
#        "Integration Method": "nosplit_csr",
#        "Radial_Average_Method": "pyFAI",
#        "Sample-to-detector distance (mm)": 632.5,
#        "Wavelength (A)": 1.3403697127913543
#    },
#    "config_file": null,
#    "counters": {},
#    "filename": "11792_A1_Phosphate_003_c.tiff",
#    "history": {},
#    "imageHeader": {
#        "AFTER": 162832530.0,
#        "BEFORE": 162832530.0,
#        "IC": 162832530.0,
#        "Img.ImgType": "2D",
#        "Img.Site": "TUM",
#        "Meas.Description": "Phosphate",
#        "aquire_timestamp": "Wed Mar 01 09:35:13 2023",
#        "beam_x": 316.33,
#        "beam_y": 231.94,
#        "beamcenter_actual": "316.33    231.94",
#        "beamcenter_nominal": "316.33    231.94",
#        "bstop": 32.0,
#        "calibrationtype": "geom",
#        "configuraton_number": 2.0,
#        "data_added_constant": 0.0,
#        "data_multiplied_constant": 1.0,
#        "dataset_comments": "Phosphate",
#        "datatype": "tiff",
#        "det_count_cutoff": 1147717.0,
#        "det_excluded_pixels": "badpix_mask.tif",
#        "det_exposure_period": 62.0,
#        "det_exposure_time": 60.0,
#        "det_flat_field": "(nil)",
#        "det_n_excluded_pixels": 30.0,
#        "det_pixel_size": "172e-6 172e-6",
#        "det_tau": 0.0,
#        "det_thickness": 0.00045,
#        "det_threshold_setting": 4024.0,
#        "det_trim_directory": "p3-0242_E8048_T4024.bin",
#        "detector_dist": 650.0,
#        "detector_function": "saxs",
#        "detector_sn": "dec1174",
#        "detectortype": "Pilatus",
#        "detx": 525.0,
#        "dety": 1.371563,
#        "detz": 0.0,
#        "dxdont": 525.0,
#        "error_norm_fact": 1.0,
#        "exposure_time": 60.0,
#        "flatfield_applied": 0.0,
#        "hg1": 2.5,
#        "hg2": 1.05,
#        "hg3": 0.0,
#        "hp1": 0.0,
#        "hp2": 0.0,
#        "hp3": 0.0,
#        "integration_time": 60.0,
#        "livetime": 60.0,
#        "log": "log",
#        "pd": 0.0,
#        "photons_per_100adu": 100.0,
#        "pixelsize": "0.172 0.172",
#        "pixelsize_x": 172.0,
#        "pixelsize_y": 172.0,
#        "reduction_type": "s",
#        "sample_ID": "p 4 10",
#        "sample_angle1": 0.0,
#        "sample_bio_cell_temp": 25.0,
#        "sample_bio_code": "None",
#        "sample_bio_run_number": 1.0,
#        "sample_bio_sample": "p 4 10",
#        "sample_bio_uv_dark": 1.0,
#        "sample_bio_uv_pathlength": 1.5,
#        "sample_bio_uv_trans": 1.0,
#        "sample_concentration": 1.0,
#        "sample_transfact": 1.0,
#        "sample_ypos": 2.5,
#        "sample_zpos": 68.9,
#        "saturated_value": 1147717.0,
#        "saxsconf_Ieff": 1.0,
#        "saxsconf_Imon": 162832530.0,
#        "saxsconf_Itrans": 162832530.0,
#        "saxsconf_Izero": 162832530.0,
#        "saxsconf_det_offx": 0.0,
#        "saxsconf_det_offy": 0.0,
#        "saxsconf_det_pixsizey": 0.172,
#        "saxsconf_det_pixsizez": 0.172,
#        "saxsconf_det_rotx": 0.0,
#        "saxsconf_det_roty": 0.0,
#        "saxsconf_dwavelength": 0.004,
#        "saxsconf_l1": 725.0,
#        "saxsconf_l2": 400.0,
#        "saxsconf_l3": 200.0,
#        "saxsconf_r1": 1.25,
#        "saxsconf_r2": 0.525,
#        "saxsconf_r3": 0.0,
#        "saxsconf_wavelength": 1.3428,
#        "solz": 0.0,
#        "source_kV": 0.0,
#        "source_ma": 0.0,
#        "source_type": "EXCILLUMMETALJET",
#        "start_timestamp": "Wed Mar 01 09:35:13 2023",
#        "thsam": 0.0,
#        "vg1": 2.5,
#        "vg2": 1.05,
#        "vg3": 0.0,
#        "vp1": 0.0,
#        "vp2": 0.0,
#        "vp3": 0.0,
#        "wavelength": 1.3428,
#        "xaxisbintype": "lin",
#        "zinger_removal": 0.0,
#        "zsam": 68.9
#    },
#    "load_path": "/home/saxslab/BIODATA/Users/Course_010323/11792_A1_Phosphate_003_c.tiff",
#    "normalizations": {
#        "Absolute_scale": {
#            "Absolute_scale_factor": 0.7601938,
#            "Method": "Water"
#        },
#        "Counter_norms": [
#            [
#                "/",
#                "exposure_time"
#            ],
#            [
#                "/",
#                "saxsconf_Izero/1e8"
#            ]
#        ],
#        "Polarization": {
#            "Used": false
#        },
#        "Solid_Angle_Correction": "On"
#    },
#    "raw_version": "2.1.4"
#}

