### DATA:
#
# 393
#      Q             I(Q)           Error     
1.58623933E-02  8.20775330E-01  8.93308874E-03
1.71313847E-02  4.18492436E-01  5.94819291E-03
1.84003762E-02  2.62067795E-01  4.81283851E-03
1.96693677E-02  1.85863972E-01  3.88059672E-03
2.09383591E-02  1.52518734E-01  3.59091326E-03
2.22073506E-02  1.16866656E-01  2.75228079E-03
2.34763421E-02  1.00907974E-01  2.64723599E-03
2.47453335E-02  8.99031460E-02  2.41399673E-03
2.60143250E-02  7.96680823E-02  2.16668611E-03
2.72833164E-02  7.40881115E-02  2.19141878E-03
2.85523079E-02  6.64073899E-02  1.79676409E-03
2.98212994E-02  6.26713485E-02  1.86601223E-03
3.10902908E-02  5.70074767E-02  1.70800532E-03
3.23592823E-02  5.39885201E-02  1.66216900E-03
3.36282738E-02  5.06087579E-02  1.56855711E-03
3.48972652E-02  4.98570763E-02  1.43626076E-03
3.61662567E-02  4.73344363E-02  1.44773000E-03
3.74352481E-02  4.49807793E-02  1.37897430E-03
3.87042396E-02  4.20913063E-02  1.34869246E-03
3.99732311E-02  4.31330763E-02  1.29580719E-03
4.12422225E-02  4.06142510E-02  1.23243360E-03
4.25112140E-02  3.73308323E-02  1.19674904E-03
4.37802055E-02  3.83183025E-02  1.17637787E-03
4.50491969E-02  3.69140580E-02  1.15524908E-03
4.63181884E-02  3.73862572E-02  1.12063379E-03
4.75871798E-02  3.46762724E-02  1.07215974E-03
4.88561713E-02  3.72750945E-02  1.16031815E-03
5.01251628E-02  3.43582071E-02  1.00834784E-03
5.13941542E-02  3.35844681E-02  9.87778185E-04
5.26631457E-02  3.18771489E-02  9.87497391E-04
5.39321372E-02  3.07935867E-02  9.56220727E-04
5.52011286E-02  3.33817191E-02  1.03313394E-03
5.64701201E-02  3.20907608E-02  9.08380374E-04
5.77391115E-02  3.14056985E-02  9.52975941E-04
5.90081030E-02  3.05710677E-02  9.16350109E-04
6.02770945E-02  2.99223587E-02  9.05467838E-04
6.15460859E-02  3.23549025E-02  9.23667219E-04
6.28150774E-02  3.07079032E-02  8.65762704E-04
6.40840689E-02  2.89984308E-02  8.91910982E-04
6.53530603E-02  2.92956345E-02  8.40105466E-04
6.66220518E-02  2.97450330E-02  8.64801754E-04
6.78910432E-02  2.88088433E-02  7.91130413E-04
6.91600347E-02  3.02292518E-02  8.32661695E-04
7.04290262E-02  2.87736934E-02  8.27862939E-04
7.16980176E-02  3.01066581E-02  8.07521574E-04
7.29670091E-02  3.08449734E-02  8.13958177E-04
7.42360006E-02  3.16095613E-02  8.19157867E-04
7.55049920E-02  2.97493152E-02  7.94511579E-04
7.67739835E-02  3.00312210E-02  8.11943493E-04
7.80429750E-02  3.03425547E-02  7.63093296E-04
7.93119664E-02  3.07399053E-02  7.90800434E-04
8.05809579E-02  3.08919065E-02  7.76916917E-04
8.18499493E-02  3.10864821E-02  7.83298048E-04
8.31189408E-02  3.23472507E-02  8.20549263E-04
8.43879323E-02  3.24596241E-02  7.66774698E-04
8.56569237E-02  3.42327021E-02  7.82472838E-04
8.69259152E-02  3.64056081E-02  8.10414553E-04
8.81949067E-02  3.86759154E-02  8.34883191E-04
8.94638981E-02  4.50993404E-02  9.14697244E-04
9.07328896E-02  5.28203659E-02  9.49754438E-04
9.20018810E-02  6.62544668E-02  1.07295567E-03
9.32708725E-02  8.49931538E-02  1.20439590E-03
9.45398640E-02  1.07894115E-01  1.32818532E-03
9.58088554E-02  1.31779343E-01  1.47407514E-03
9.70778469E-02  1.51766464E-01  1.55578146E-03
9.83468384E-02  1.66759789E-01  1.67973584E-03
9.96158298E-02  1.69144705E-01  1.61618798E-03
1.00884821E-01  1.59156069E-01  1.56775466E-03
1.02153813E-01  1.39320269E-01  1.49067456E-03
1.03422804E-01  1.24136083E-01  1.35791569E-03
1.04691796E-01  1.00933045E-01  1.26882037E-03
1.05960787E-01  7.98861384E-02  1.07708655E-03
1.07229779E-01  6.32672608E-02  9.69449524E-04
1.08498770E-01  5.41985482E-02  8.87428119E-04
1.09767762E-01  4.57617491E-02  8.15356034E-04
1.11036753E-01  4.06721644E-02  7.83897471E-04
1.12305744E-01  3.93262841E-02  7.27516017E-04
1.13574736E-01  3.76855880E-02  7.64175609E-04
1.14843727E-01  3.70185748E-02  7.37426220E-04
1.16112719E-01  3.68286893E-02  7.54594279E-04
1.17381710E-01  3.40032540E-02  7.31971231E-04
1.18650702E-01  3.42729911E-02  7.05646293E-04
1.19919693E-01  3.31142470E-02  6.99504453E-04
1.21188685E-01  3.14590149E-02  6.90271147E-04
1.22457676E-01  3.19415852E-02  6.94870076E-04
1.23726668E-01  3.16145793E-02  6.94025075E-04
1.24995659E-01  3.20685320E-02  6.86985499E-04
1.26264651E-01  3.02908234E-02  6.94359711E-04
1.27533642E-01  3.05832289E-02  6.93628681E-04
1.28802633E-01  2.95259058E-02  6.86456973E-04
1.30071625E-01  3.02823037E-02  7.11386499E-04
1.31340616E-01  2.99169216E-02  7.07695610E-04
1.32609608E-01  3.01581249E-02  7.25277525E-04
1.33878599E-01  2.89653670E-02  6.79686142E-04
1.35147591E-01  2.92205680E-02  7.07040075E-04
1.36416582E-01  3.01776491E-02  7.25329039E-04
1.37685574E-01  2.85616573E-02  7.06562947E-04
1.38954565E-01  2.93070450E-02  7.37751194E-04
1.40223557E-01  3.05740442E-02  7.03075959E-04
1.41492548E-01  2.82694846E-02  7.17771938E-04
1.42761540E-01  2.78974473E-02  7.15297239E-04
1.44030531E-01  2.87082028E-02  7.19474745E-04
1.45299522E-01  2.87682414E-02  7.29520340E-04
1.46568514E-01  2.75871065E-02  6.89012988E-04
1.47837505E-01  2.84927394E-02  7.02910300E-04
1.49106497E-01  2.78419163E-02  6.85402716E-04
1.50375488E-01  2.80536227E-02  6.85435545E-04
1.51644480E-01  2.78403200E-02  6.73629984E-04
1.52913471E-01  2.72738393E-02  6.52508403E-04
1.54182463E-01  2.73055565E-02  6.53260911E-04
1.55451454E-01  2.70625595E-02  6.43776613E-04
1.56720446E-01  2.89636515E-02  6.62202889E-04
1.57989437E-01  2.76640560E-02  6.57524273E-04
1.59258429E-01  2.76448354E-02  6.52848801E-04
1.60527420E-01  2.78608277E-02  6.44079584E-04
1.61796411E-01  2.81864721E-02  6.09286944E-04
1.63065403E-01  2.90723406E-02  6.27408794E-04
1.64334394E-01  2.89882421E-02  6.23559637E-04
1.65603386E-01  2.76397392E-02  6.03418681E-04
1.66872377E-01  2.86042225E-02  6.19611761E-04
1.68141369E-01  2.82493252E-02  5.74587961E-04
1.69410360E-01  3.00786179E-02  6.09789160E-04
1.70679352E-01  2.87350230E-02  5.95536840E-04
1.71948343E-01  2.90382374E-02  5.85575646E-04
1.73217335E-01  2.95427125E-02  5.94905345E-04
1.74486326E-01  2.86006797E-02  5.67372655E-04
1.75755318E-01  2.90832650E-02  5.83523652E-04
1.77024309E-01  3.07643246E-02  5.97369683E-04
1.78293300E-01  2.93787401E-02  5.60009386E-04
1.79562292E-01  3.12798060E-02  5.89863863E-04
1.80831283E-01  3.02255061E-02  5.71502955E-04
1.82100275E-01  3.07763219E-02  5.74674632E-04
1.83369266E-01  3.18437517E-02  5.93572448E-04
1.84638258E-01  3.23124491E-02  5.76454971E-04
1.85907249E-01  3.20967473E-02  5.81269851E-04
1.87176241E-01  3.37609984E-02  5.89489297E-04
1.88445232E-01  3.50445695E-02  5.99772786E-04
1.89714224E-01  3.77587825E-02  6.13902695E-04
1.90983215E-01  4.03678566E-02  6.43112930E-04
1.92252207E-01  4.36938256E-02  6.56178570E-04
1.93521198E-01  4.73252982E-02  6.87101681E-04
1.94790190E-01  5.07712178E-02  6.87416876E-04
1.96059181E-01  5.47129363E-02  7.23992300E-04
1.97328172E-01  5.67576028E-02  7.41059368E-04
1.98597164E-01  5.72693087E-02  7.45330297E-04
1.99866155E-01  5.77402823E-02  7.41969387E-04
2.01135147E-01  5.47602251E-02  7.07187224E-04
2.02404138E-01  5.08234538E-02  6.75070682E-04
2.03673130E-01  4.68908958E-02  6.53726107E-04
2.04942121E-01  4.23134826E-02  6.28541165E-04
2.06211113E-01  3.99687588E-02  5.95488120E-04
2.07480104E-01  3.67864519E-02  5.68641291E-04
2.08749096E-01  3.42993960E-02  5.57804364E-04
2.10018087E-01  3.17255072E-02  5.34049293E-04
2.11287079E-01  3.08628716E-02  5.16885426E-04
2.12556070E-01  2.97552422E-02  4.98686859E-04
2.13825061E-01  2.95010842E-02  5.06977958E-04
2.15094053E-01  2.79733893E-02  4.93258005E-04
2.16363044E-01  2.78386567E-02  4.92958992E-04
2.17632036E-01  2.61949133E-02  4.67594829E-04
2.18901027E-01  2.63218805E-02  4.69941529E-04
2.20170019E-01  2.61225123E-02  4.67191916E-04
2.21439010E-01  2.56297477E-02  4.64890676E-04
2.22708002E-01  2.55245082E-02  4.55470086E-04
2.23976993E-01  2.47063991E-02  4.51330881E-04
2.25245985E-01  2.37912983E-02  4.40217758E-04
2.26514976E-01  2.43261959E-02  4.48132545E-04
2.27783968E-01  2.40617190E-02  4.38449875E-04
2.29052959E-01  2.37602144E-02  4.33741894E-04
2.30321950E-01  2.26377752E-02  4.20709985E-04
2.31590942E-01  2.34273896E-02  4.37866285E-04
2.32859933E-01  2.31408831E-02  4.27937630E-04
2.34128925E-01  2.27045324E-02  4.19671211E-04
2.35397916E-01  2.25088540E-02  4.10620414E-04
2.36666908E-01  2.25257874E-02  4.19243501E-04
2.37935899E-01  2.18424220E-02  4.15274408E-04
2.39204891E-01  2.22848393E-02  4.05030296E-04
2.40473882E-01  2.17592753E-02  4.11405781E-04
2.41742874E-01  2.19036639E-02  4.06853389E-04
2.43011865E-01  2.20624637E-02  4.08908876E-04
2.44280857E-01  2.14543734E-02  4.03241807E-04
2.45549848E-01  2.14035977E-02  3.93388851E-04
2.46818839E-01  2.22513732E-02  4.07673506E-04
2.48087831E-01  2.19398178E-02  3.99240322E-04
2.49356822E-01  2.18533967E-02  4.01800207E-04
2.50625814E-01  2.16593314E-02  3.88880260E-04
2.51894805E-01  2.12021396E-02  3.89853376E-04
2.53163797E-01  2.17072908E-02  4.00978344E-04
2.54432788E-01  2.09914148E-02  3.84625135E-04
2.55701780E-01  2.16606315E-02  3.91188514E-04
2.56970771E-01  2.13211849E-02  3.83669510E-04
2.58239763E-01  2.10419875E-02  3.86727130E-04
2.59508754E-01  2.09682975E-02  3.85621766E-04
2.60777746E-01  2.07639541E-02  3.71577771E-04
2.62046737E-01  2.09494233E-02  3.85407911E-04
2.63315728E-01  2.09680330E-02  3.74959054E-04
2.64584720E-01  2.14404166E-02  3.87242937E-04
2.65853711E-01  2.13351976E-02  3.82591737E-04
2.67122703E-01  2.12323647E-02  3.67990986E-04
2.68391694E-01  2.10788492E-02  3.78311495E-04
2.69660686E-01  1.99506003E-02  3.65299318E-04
2.70929677E-01  2.08099354E-02  3.76608456E-04
2.72198669E-01  2.07588747E-02  3.69434129E-04
2.73467660E-01  2.10061893E-02  3.70935246E-04
2.74736652E-01  2.00380441E-02  3.70359165E-04
2.76005643E-01  2.09571719E-02  3.61880782E-04
2.77274635E-01  2.06372663E-02  3.64023814E-04
2.78543626E-01  2.08429080E-02  3.66831082E-04
2.79812618E-01  2.10684817E-02  3.64525797E-04
2.81081609E-01  2.04374399E-02  3.67688510E-04
2.82350600E-01  2.03978308E-02  3.54684540E-04
2.83619592E-01  2.00552735E-02  3.56205826E-04
2.84888583E-01  1.99517831E-02  3.52484087E-04
2.86157575E-01  2.04454400E-02  3.58809048E-04
2.87426566E-01  2.02976968E-02  3.57262470E-04
2.88695558E-01  2.06149220E-02  3.53885698E-04
2.89964549E-01  2.05376428E-02  3.58368532E-04
2.91233541E-01  2.11988278E-02  3.57257552E-04
2.92502532E-01  2.08626576E-02  3.55280412E-04
2.93771524E-01  2.12586224E-02  3.62026010E-04
2.95040515E-01  2.06823982E-02  3.59152851E-04
2.96309507E-01  2.08510607E-02  3.68402747E-04
2.97578498E-01  2.12273151E-02  3.64626438E-04
2.98847489E-01  2.09459867E-02  3.63938481E-04
3.00116481E-01  2.04140749E-02  3.60479491E-04
3.01385472E-01  2.08330061E-02  3.63968487E-04
3.02654464E-01  2.09497288E-02  3.74589144E-04
3.03923455E-01  2.14209985E-02  3.62616498E-04
3.05192447E-01  2.07369346E-02  3.69114132E-04
3.06461438E-01  2.11123526E-02  3.67909699E-04
3.07730430E-01  2.05363147E-02  3.61723622E-04
3.08999421E-01  2.02851463E-02  3.60319886E-04
3.10268413E-01  2.09700614E-02  3.62813909E-04
3.11537404E-01  2.09135078E-02  3.71416711E-04
3.12806396E-01  2.10429449E-02  3.65039537E-04
3.14075387E-01  2.16854531E-02  3.77375982E-04
3.15344378E-01  2.09992100E-02  3.60042905E-04
3.16613370E-01  2.11453121E-02  3.71102768E-04
3.17882361E-01  2.09667459E-02  3.67903704E-04
3.19151353E-01  2.10872199E-02  3.63697036E-04
3.20420344E-01  2.09121332E-02  3.66689899E-04
3.21689336E-01  2.15154197E-02  3.75727279E-04
3.22958327E-01  2.15422139E-02  3.78009223E-04
3.24227319E-01  2.11236291E-02  3.76301148E-04
3.25496310E-01  2.07933057E-02  3.70457448E-04
3.26765302E-01  2.08444297E-02  3.75847478E-04
3.28034293E-01  2.06726957E-02  3.72332725E-04
3.29303285E-01  2.10040659E-02  3.77891207E-04
3.30572276E-01  2.08812412E-02  3.74841155E-04
3.31841267E-01  2.16154587E-02  3.78295808E-04
3.33110259E-01  2.13293582E-02  3.87907668E-04
3.34379250E-01  2.10548528E-02  3.76359822E-04
3.35648242E-01  2.13662442E-02  3.91003559E-04
3.36917233E-01  2.10699998E-02  3.77359247E-04
3.38186225E-01  2.10625064E-02  3.79922159E-04
3.39455216E-01  2.06581298E-02  3.82117461E-04
3.40724208E-01  2.13185493E-02  3.80887970E-04
3.41993199E-01  2.05138177E-02  3.77887773E-04
3.43262191E-01  2.10523605E-02  3.80901358E-04
3.44531182E-01  2.14566663E-02  3.89291643E-04
3.45800174E-01  2.18349062E-02  3.92968883E-04
3.47069165E-01  2.11653523E-02  3.78774828E-04
3.48338156E-01  2.12014485E-02  3.87964305E-04
3.49607148E-01  2.19859779E-02  3.85690015E-04
3.50876139E-01  2.12025084E-02  3.85850522E-04
3.52145131E-01  2.08598431E-02  3.78059107E-04
3.53414122E-01  2.10505202E-02  3.81754537E-04
3.54683114E-01  2.15956774E-02  3.84314975E-04
3.55952105E-01  2.10658815E-02  3.82147555E-04
3.57221097E-01  2.09227651E-02  3.81153543E-04
3.58490088E-01  2.08773632E-02  3.77614400E-04
3.59759080E-01  2.11448576E-02  3.82729515E-04
3.61028071E-01  2.06265897E-02  3.78105586E-04
3.62297063E-01  2.13943366E-02  3.86706466E-04
3.63566054E-01  2.12272350E-02  3.89215827E-04
3.64835046E-01  2.11083088E-02  3.79964942E-04
3.66104037E-01  2.17052251E-02  3.93848459E-04
3.67373028E-01  2.12294441E-02  3.79364443E-04
3.68642020E-01  2.14957297E-02  3.89933150E-04
3.69911011E-01  2.19048373E-02  3.91430833E-04
3.71180003E-01  2.09786687E-02  3.84394400E-04
3.72448994E-01  2.17291303E-02  3.98308388E-04
3.73717986E-01  2.09846981E-02  3.79310601E-04
3.74986977E-01  2.16414761E-02  3.94105533E-04
3.76255969E-01  2.13943589E-02  3.87865439E-04
3.77524960E-01  2.16125678E-02  3.92951886E-04
3.78793952E-01  2.14196108E-02  3.94366361E-04
3.80062943E-01  2.09222380E-02  3.79782869E-04
3.81331935E-01  2.15635765E-02  3.96411953E-04
3.82600926E-01  2.06481460E-02  3.88552144E-04
3.83869917E-01  2.10611057E-02  3.98098578E-04
3.85138909E-01  2.12288294E-02  4.07906540E-04
3.86407900E-01  2.12032180E-02  4.01085039E-04
3.87676892E-01  2.13212948E-02  4.23331483E-04
3.88945883E-01  2.20121797E-02  4.15793183E-04
3.90214875E-01  2.11184043E-02  4.12933819E-04
3.91483866E-01  2.10812166E-02  4.18733776E-04
3.92752858E-01  2.12787222E-02  4.19225747E-04
3.94021849E-01  2.13379227E-02  4.25767648E-04
3.95290841E-01  2.07866002E-02  4.17925679E-04
3.96559832E-01  2.16013752E-02  4.33781825E-04
3.97828824E-01  2.13697162E-02  4.35221911E-04
3.99097815E-01  2.09802724E-02  4.41566139E-04
4.00366806E-01  2.13307925E-02  4.50901833E-04
4.01635798E-01  2.09119972E-02  4.60233219E-04
4.02904789E-01  2.05356330E-02  4.69407270E-04
4.04173781E-01  2.16146819E-02  4.67521371E-04
4.05442772E-01  2.11683139E-02  4.77746304E-04
4.06711764E-01  2.08511613E-02  4.73146996E-04
4.07980755E-01  2.21928190E-02  5.02734270E-04
4.09249747E-01  2.14069020E-02  5.00286638E-04
4.10518738E-01  2.08848901E-02  4.90233593E-04
4.11787730E-01  2.12501232E-02  5.14178071E-04
4.13056721E-01  2.22608764E-02  5.15775871E-04
4.14325713E-01  2.11221091E-02  5.17338107E-04
4.15594704E-01  2.07087845E-02  5.13700768E-04
4.16863695E-01  2.11530197E-02  5.30451478E-04
4.18132687E-01  2.11596657E-02  5.46128023E-04
4.19401678E-01  2.13797018E-02  5.29684476E-04
4.20670670E-01  2.07903385E-02  5.41259127E-04
4.21939661E-01  2.09532790E-02  5.47100208E-04
4.23208653E-01  2.08991114E-02  5.61504858E-04
4.24477644E-01  2.12548934E-02  5.61739842E-04
4.25746636E-01  2.06680112E-02  5.58143889E-04
4.27015627E-01  2.17596199E-02  5.89511357E-04
4.28284619E-01  2.22899579E-02  5.91595657E-04
4.29553610E-01  2.19918117E-02  6.10022340E-04
4.30822602E-01  2.15830822E-02  5.92534489E-04
4.32091593E-01  2.20408868E-02  6.21739193E-04
4.33360584E-01  2.10894868E-02  6.09150098E-04
4.34629576E-01  2.10166574E-02  6.14293152E-04
4.35898567E-01  2.00857259E-02  6.19147439E-04
4.37167559E-01  2.14044619E-02  6.25486311E-04
4.38436550E-01  2.06402875E-02  6.65203377E-04
4.39705542E-01  2.14778334E-02  6.40738581E-04
4.40974533E-01  2.11054757E-02  6.57741912E-04
4.42243525E-01  2.05250215E-02  6.75597868E-04
4.43512516E-01  2.09956039E-02  6.52134477E-04
4.44781508E-01  2.17259694E-02  7.10292661E-04
4.46050499E-01  2.17585638E-02  6.95267343E-04
4.47319491E-01  2.13825479E-02  7.11793429E-04
4.48588482E-01  2.02564169E-02  7.17610470E-04
4.49857473E-01  2.14023367E-02  7.21276621E-04
4.51126465E-01  2.12947708E-02  7.45231460E-04
4.52395456E-01  2.12598704E-02  7.56514375E-04
4.53664448E-01  2.12229956E-02  7.65495060E-04
4.54933439E-01  2.20229756E-02  7.84858828E-04
4.56202431E-01  2.01484188E-02  7.89527432E-04
4.57471422E-01  2.14621462E-02  8.05724412E-04
4.58740414E-01  2.23467052E-02  8.39043700E-04
4.60009405E-01  2.07955949E-02  8.32126534E-04
4.61278397E-01  2.28733253E-02  8.80953390E-04
4.62547388E-01  2.22585276E-02  8.87970207E-04
4.63816380E-01  2.05224119E-02  8.88672308E-04
4.65085371E-01  2.12006737E-02  9.04502638E-04
4.66354363E-01  2.12265570E-02  9.40301688E-04
4.67623354E-01  2.21064202E-02  9.67400731E-04
4.68892345E-01  2.17134524E-02  9.77601972E-04
4.70161337E-01  2.19559576E-02  1.03716191E-03
4.71430328E-01  2.19520293E-02  1.02878723E-03
4.72699320E-01  2.30528601E-02  1.11808116E-03
4.73968311E-01  2.16927212E-02  1.11105584E-03
4.75237303E-01  1.98637284E-02  1.09278888E-03
4.76506294E-01  2.21561491E-02  1.18070224E-03
4.77775286E-01  2.39053499E-02  1.28683273E-03
4.79044277E-01  2.31177229E-02  1.31886289E-03
4.80313269E-01  2.07612161E-02  1.27996865E-03
4.81582260E-01  2.12208293E-02  1.39826757E-03
4.82851252E-01  2.22325735E-02  1.40034955E-03
4.84120243E-01  2.13190764E-02  1.51419721E-03
4.85389234E-01  2.14390978E-02  1.54652307E-03
4.86658226E-01  2.06924696E-02  1.57688942E-03
4.87927217E-01  2.28098202E-02  1.72909629E-03
4.89196209E-01  2.10835934E-02  1.83429744E-03
4.90465200E-01  2.22687460E-02  1.92967732E-03
4.91734192E-01  2.35254336E-02  2.17462005E-03
4.93003183E-01  2.46837363E-02  2.45566061E-03
4.94272175E-01  2.10907962E-02  2.38731597E-03
4.95541166E-01  2.34127641E-02  2.72167870E-03
4.96810158E-01  2.30120961E-02  2.89889751E-03
4.98079149E-01  2.24147905E-02  3.22969398E-03
4.99348141E-01  1.90813951E-02  2.98001338E-03
5.00617132E-01  1.94768962E-02  3.49644525E-03
5.01886123E-01  2.55656727E-02  3.94486915E-03
5.03155115E-01  1.93450432E-02  4.12437692E-03
5.04424106E-01  1.68184601E-02  4.19733441E-03
5.05693098E-01  2.21627038E-02  5.92323160E-03
5.06962089E-01  1.78108439E-02  5.93694765E-03
5.08231081E-01  1.58332698E-02  1.11958133E-02
5.09500072E-01  0.00000000E+00  0.00000000E+00
5.10769064E-01  0.00000000E+00  0.00000000E+00
5.12038055E-01  0.00000000E+00  0.00000000E+00
5.13307047E-01  0.00000000E+00  0.00000000E+00


### HEADER:
#
#{
#    "analysis": {
#        "uvvis": {
#            "UVDarkTransmission": 1.0,
#            "UVPathlength": 1.5,
#            "UVTransmission": 1.0
#        }
#    },
#    "calibration_params": {
#        "Beam_Center_X": 316.5,
#        "Beam_Center_Y": 253.5,
#        "Detector Tilt": 0.0,
#        "Detector Tilt Plane Rotation": 0.0,
#        "Detector_X_Pixel_Size": 172.0,
#        "Detector_Y_Pixel_Size": 172.0,
#        "Integration Method": "nosplit_csr",
#        "Radial_Average_Method": "pyFAI",
#        "Sample-to-detector distance (mm)": 632.5,
#        "Wavelength (A)": 1.3403697127913543
#    },
#    "config_file": null,
#    "counters": {},
#    "filename": "11792_A1_Phosphate_009_c.tiff",
#    "history": {},
#    "imageHeader": {
#        "AFTER": 162896380.0,
#        "BEFORE": 162896380.0,
#        "IC": 162896380.0,
#        "Img.ImgType": "2D",
#        "Img.Site": "TUM",
#        "Meas.Description": "Phosphate",
#        "aquire_timestamp": "Wed Mar 01 09:42:10 2023",
#        "beam_x": 316.33,
#        "beam_y": 231.94,
#        "beamcenter_actual": "316.33    231.94",
#        "beamcenter_nominal": "316.33    231.94",
#        "bstop": 32.0,
#        "calibrationtype": "geom",
#        "configuraton_number": 2.0,
#        "data_added_constant": 0.0,
#        "data_multiplied_constant": 1.0,
#        "dataset_comments": "Phosphate",
#        "datatype": "tiff",
#        "det_count_cutoff": 1147717.0,
#        "det_excluded_pixels": "badpix_mask.tif",
#        "det_exposure_period": 62.0,
#        "det_exposure_time": 60.0,
#        "det_flat_field": "(nil)",
#        "det_n_excluded_pixels": 30.0,
#        "det_pixel_size": "172e-6 172e-6",
#        "det_tau": 0.0,
#        "det_thickness": 0.00045,
#        "det_threshold_setting": 4024.0,
#        "det_trim_directory": "p3-0242_E8048_T4024.bin",
#        "detector_dist": 650.0,
#        "detector_function": "saxs",
#        "detector_sn": "dec1174",
#        "detectortype": "Pilatus",
#        "detx": 525.0,
#        "dety": 1.371563,
#        "detz": 0.0,
#        "dxdont": 525.0,
#        "error_norm_fact": 1.0,
#        "exposure_time": 60.0,
#        "flatfield_applied": 0.0,
#        "hg1": 2.5,
#        "hg2": 1.05,
#        "hg3": 0.0,
#        "hp1": 0.0,
#        "hp2": 0.0,
#        "hp3": 0.0,
#        "integration_time": 60.0,
#        "livetime": 60.0,
#        "log": "log",
#        "pd": 0.0,
#        "photons_per_100adu": 100.0,
#        "pixelsize": "0.172 0.172",
#        "pixelsize_x": 172.0,
#        "pixelsize_y": 172.0,
#        "reduction_type": "s",
#        "sample_ID": "p 10 10",
#        "sample_angle1": 0.0,
#        "sample_bio_cell_temp": 25.0,
#        "sample_bio_code": "None",
#        "sample_bio_run_number": 1.0,
#        "sample_bio_sample": "p 10 10",
#        "sample_bio_uv_dark": 1.0,
#        "sample_bio_uv_pathlength": 1.5,
#        "sample_bio_uv_trans": 1.0,
#        "sample_concentration": 1.0,
#        "sample_transfact": 1.0,
#        "sample_ypos": 2.5,
#        "sample_zpos": 68.9,
#        "saturated_value": 1147717.0,
#        "saxsconf_Ieff": 1.0,
#        "saxsconf_Imon": 162896380.0,
#        "saxsconf_Itrans": 162896380.0,
#        "saxsconf_Izero": 162896380.0,
#        "saxsconf_det_offx": 0.0,
#        "saxsconf_det_offy": 0.0,
#        "saxsconf_det_pixsizey": 0.172,
#        "saxsconf_det_pixsizez": 0.172,
#        "saxsconf_det_rotx": 0.0,
#        "saxsconf_det_roty": 0.0,
#        "saxsconf_dwavelength": 0.004,
#        "saxsconf_l1": 725.0,
#        "saxsconf_l2": 400.0,
#        "saxsconf_l3": 200.0,
#        "saxsconf_r1": 1.25,
#        "saxsconf_r2": 0.525,
#        "saxsconf_r3": 0.0,
#        "saxsconf_wavelength": 1.3428,
#        "solz": 0.0,
#        "source_kV": 0.0,
#        "source_ma": 0.0,
#        "source_type": "EXCILLUMMETALJET",
#        "start_timestamp": "Wed Mar 01 09:42:10 2023",
#        "thsam": 0.0,
#        "vg1": 2.5,
#        "vg2": 1.05,
#        "vg3": 0.0,
#        "vp1": 0.0,
#        "vp2": 0.0,
#        "vp3": 0.0,
#        "wavelength": 1.3428,
#        "xaxisbintype": "lin",
#        "zinger_removal": 0.0,
#        "zsam": 68.9
#    },
#    "load_path": "/home/saxslab/BIODATA/Users/Course_010323/11792_A1_Phosphate_009_c.tiff",
#    "normalizations": {
#        "Absolute_scale": {
#            "Absolute_scale_factor": 0.7601938,
#            "Method": "Water"
#        },
#        "Counter_norms": [
#            [
#                "/",
#                "exposure_time"
#            ],
#            [
#                "/",
#                "saxsconf_Izero/1e8"
#            ]
#        ],
#        "Polarization": {
#            "Used": false
#        },
#        "Solid_Angle_Correction": "On"
#    },
#    "raw_version": "2.1.4"
#}

