### DATA:
#
# 393
#      Q             I(Q)           Error     
1.58623933E-02  8.42794418E-01  9.10291635E-03
1.71313847E-02  4.09095705E-01  5.91403572E-03
1.84003762E-02  2.58224249E-01  4.80422424E-03
1.96693677E-02  1.80909514E-01  3.85000999E-03
2.09383591E-02  1.46198630E-01  3.53545439E-03
2.22073506E-02  1.14707932E-01  2.74204393E-03
2.34763421E-02  1.00498602E-01  2.65668589E-03
2.47453335E-02  8.83586034E-02  2.40659993E-03
2.60143250E-02  8.27099308E-02  2.22005090E-03
2.72833164E-02  6.78427070E-02  2.10878835E-03
2.85523079E-02  6.71547800E-02  1.81698601E-03
2.98212994E-02  6.29272088E-02  1.88031001E-03
3.10902908E-02  5.90463169E-02  1.74803450E-03
3.23592823E-02  5.20086437E-02  1.64056150E-03
3.36282738E-02  4.73436564E-02  1.52641989E-03
3.48972652E-02  4.94977012E-02  1.43910560E-03
3.61662567E-02  4.77777794E-02  1.46129238E-03
3.74352481E-02  4.35204767E-02  1.36468664E-03
3.87042396E-02  4.27398346E-02  1.36806583E-03
3.99732311E-02  4.13373001E-02  1.27690833E-03
4.12422225E-02  4.04662490E-02  1.23708928E-03
4.25112140E-02  3.89849208E-02  1.22911460E-03
4.37802055E-02  3.84946279E-02  1.18458981E-03
4.50491969E-02  3.87134366E-02  1.18739461E-03
4.63181884E-02  3.59421074E-02  1.10655359E-03
4.75871798E-02  3.47332098E-02  1.07754488E-03
4.88561713E-02  3.44168209E-02  1.12017151E-03
5.01251628E-02  3.18544544E-02  9.76095558E-04
5.13941542E-02  3.51366065E-02  1.01727212E-03
5.26631457E-02  3.42641026E-02  1.02658896E-03
5.39321372E-02  3.25705186E-02  9.86078638E-04
5.52011286E-02  3.25644612E-02  1.02720130E-03
5.64701201E-02  3.07180546E-02  8.93847027E-04
5.77391115E-02  2.92335209E-02  9.22140840E-04
5.90081030E-02  2.83388719E-02  8.89048679E-04
6.02770945E-02  3.04241739E-02  9.19369864E-04
6.15460859E-02  2.99548041E-02  8.93869030E-04
6.28150774E-02  2.91662794E-02  8.47971300E-04
6.40840689E-02  2.81694122E-02  8.82869354E-04
6.53530603E-02  2.87754405E-02  8.39435961E-04
6.66220518E-02  2.78535429E-02  8.42858397E-04
6.78910432E-02  2.81277355E-02  7.88608973E-04
6.91600347E-02  2.83016376E-02  8.11261823E-04
7.04290262E-02  2.78741382E-02  8.18763161E-04
7.16980176E-02  2.63147019E-02  7.62773503E-04
7.29670091E-02  2.71931328E-02  7.68818543E-04
7.42360006E-02  2.63847485E-02  7.54739041E-04
7.55049920E-02  2.51021832E-02  7.37593160E-04
7.67739835E-02  2.51308549E-02  7.51169224E-04
7.80429750E-02  2.46089548E-02  6.92687521E-04
7.93119664E-02  2.49793530E-02  7.18670839E-04
8.05809579E-02  2.44723186E-02  6.99404278E-04
8.18499493E-02  2.34083571E-02  6.88361004E-04
8.31189408E-02  2.29167491E-02  6.97269046E-04
8.43879323E-02  2.53018029E-02  6.82790356E-04
8.56569237E-02  2.25071013E-02  6.43719453E-04
8.69259152E-02  2.29708776E-02  6.53255382E-04
8.81949067E-02  2.28437111E-02  6.51484937E-04
8.94638981E-02  2.20539607E-02  6.49083755E-04
9.07328896E-02  2.15040036E-02  6.16973732E-04
9.20018810E-02  2.24680584E-02  6.33383403E-04
9.32708725E-02  2.17117984E-02  6.18680904E-04
9.45398640E-02  2.23375484E-02  6.13323180E-04
9.58088554E-02  2.23104600E-02  6.16505102E-04
9.70778469E-02  2.03052163E-02  5.81057684E-04
9.83468384E-02  2.16442086E-02  6.13103330E-04
9.96158298E-02  2.16601938E-02  5.87648305E-04
1.00884821E-01  2.14419421E-02  5.85788221E-04
1.02153813E-01  2.21130867E-02  6.03713619E-04
1.03422804E-01  2.23216843E-02  5.85060741E-04
1.04691796E-01  2.15977244E-02  5.97454025E-04
1.05960787E-01  2.08828561E-02  5.59209206E-04
1.07229779E-01  2.13915315E-02  5.74191799E-04
1.08498770E-01  2.09864397E-02  5.62115223E-04
1.09767762E-01  2.16770954E-02  5.71449229E-04
1.11036753E-01  2.18769647E-02  5.82527835E-04
1.12305744E-01  2.02447418E-02  5.32339443E-04
1.13574736E-01  2.11755466E-02  5.83084591E-04
1.14843727E-01  2.19866987E-02  5.78397186E-04
1.16112719E-01  2.10301597E-02  5.78702369E-04
1.17381710E-01  2.08351500E-02  5.83509391E-04
1.18650702E-01  2.10679285E-02  5.64021815E-04
1.19919693E-01  2.04344727E-02  5.60442451E-04
1.21188685E-01  2.11985633E-02  5.75682905E-04
1.22457676E-01  2.05746125E-02  5.65533643E-04
1.23726668E-01  2.16717198E-02  5.82829234E-04
1.24995659E-01  2.01219786E-02  5.55615581E-04
1.26264651E-01  2.12853756E-02  5.90633717E-04
1.27533642E-01  2.21045762E-02  5.96873695E-04
1.28802633E-01  2.02322304E-02  5.78522857E-04
1.30071625E-01  2.04771087E-02  5.97733713E-04
1.31340616E-01  2.05112174E-02  5.98929997E-04
1.32609608E-01  1.98277980E-02  5.99710795E-04
1.33878599E-01  2.03278866E-02  5.78442356E-04
1.35147591E-01  2.15878394E-02  6.17397134E-04
1.36416582E-01  2.03565769E-02  6.06924004E-04
1.37685574E-01  2.09195968E-02  6.13269920E-04
1.38954565E-01  2.16304474E-02  6.45967200E-04
1.40223557E-01  2.12847013E-02  5.96567348E-04
1.41492548E-01  2.09302418E-02  6.24692708E-04
1.42761540E-01  1.93780996E-02  6.07848284E-04
1.44030531E-01  2.09198818E-02  6.22409221E-04
1.45299522E-01  2.22741570E-02  6.47811801E-04
1.46568514E-01  2.19207685E-02  6.22824708E-04
1.47837505E-01  2.13187970E-02  6.17489801E-04
1.49106497E-01  2.17347816E-02  6.12444070E-04
1.50375488E-01  1.98703073E-02  5.86437411E-04
1.51644480E-01  2.11439002E-02  5.94363024E-04
1.52913471E-01  2.04232577E-02  5.73751342E-04
1.54182463E-01  2.07213983E-02  5.77389612E-04
1.55451454E-01  2.07941122E-02  5.74010599E-04
1.56720446E-01  1.97194479E-02  5.59091626E-04
1.57989437E-01  2.06291191E-02  5.74455073E-04
1.59258429E-01  2.12843064E-02  5.81460597E-04
1.60527420E-01  2.09218729E-02  5.66086674E-04
1.61796411E-01  2.11662445E-02  5.34414838E-04
1.63065403E-01  2.05688085E-02  5.37109445E-04
1.64334394E-01  1.92695744E-02  5.17491775E-04
1.65603386E-01  1.95021052E-02  5.18522575E-04
1.66872377E-01  2.04540566E-02  5.30633377E-04
1.68141369E-01  2.02879142E-02  4.95045562E-04
1.69410360E-01  2.14424059E-02  5.23701252E-04
1.70679352E-01  1.95664186E-02  4.99830756E-04
1.71948343E-01  1.95964836E-02  4.90109669E-04
1.73217335E-01  1.93062034E-02  4.91599028E-04
1.74486326E-01  2.04179306E-02  4.87739511E-04
1.75755318E-01  1.90227684E-02  4.81328316E-04
1.77024309E-01  2.00079549E-02  4.88973979E-04
1.78293300E-01  1.94064211E-02  4.64495650E-04
1.79562292E-01  1.96509361E-02  4.76897170E-04
1.80831283E-01  2.00224239E-02  4.72173357E-04
1.82100275E-01  2.05504838E-02  4.78335656E-04
1.83369266E-01  2.00539604E-02  4.80093848E-04
1.84638258E-01  1.95019357E-02  4.58075607E-04
1.85907249E-01  2.00915243E-02  4.69020451E-04
1.87176241E-01  2.07273327E-02  4.69246181E-04
1.88445232E-01  2.03838833E-02  4.65851568E-04
1.89714224E-01  2.05891747E-02  4.60952666E-04
1.90983215E-01  1.99816562E-02  4.61494579E-04
1.92252207E-01  2.04798877E-02  4.57984861E-04
1.93521198E-01  2.06012949E-02  4.61329037E-04
1.94790190E-01  2.03544926E-02  4.44182398E-04
1.96059181E-01  2.04806328E-02  4.51614877E-04
1.97328172E-01  1.99605580E-02  4.48279345E-04
1.98597164E-01  2.07956247E-02  4.59152885E-04
1.99866155E-01  2.01029424E-02  4.47690574E-04
2.01135147E-01  1.95701923E-02  4.31806518E-04
2.02404138E-01  2.02535614E-02  4.35642462E-04
2.03673130E-01  2.01985333E-02  4.36992530E-04
2.04942121E-01  1.97200626E-02  4.37706622E-04
2.06211113E-01  1.96400825E-02  4.28399537E-04
2.07480104E-01  1.97480693E-02  4.24805301E-04
2.08749096E-01  2.01797783E-02  4.36226430E-04
2.10018087E-01  1.94145776E-02  4.27159364E-04
2.11287079E-01  1.97496749E-02  4.20488359E-04
2.12556070E-01  1.95396971E-02  4.13153612E-04
2.13825061E-01  2.04527304E-02  4.29836975E-04
2.15094053E-01  2.16722153E-02  4.39456169E-04
2.16363044E-01  2.07610913E-02  4.32009023E-04
2.17632036E-01  1.95433833E-02  4.11464105E-04
2.18901027E-01  1.99215282E-02  4.14880225E-04
2.20170019E-01  1.93108041E-02  4.10390145E-04
2.21439010E-01  1.96367893E-02  4.13999311E-04
2.22708002E-01  1.98602099E-02  4.07432090E-04
2.23976993E-01  1.98543835E-02  4.11228248E-04
2.25245985E-01  1.96426958E-02  4.04846855E-04
2.26514976E-01  1.95023902E-02  4.07710962E-04
2.27783968E-01  1.99004728E-02  4.04948281E-04
2.29052959E-01  2.00098921E-02  4.03469021E-04
2.30321950E-01  2.01993138E-02  4.01096710E-04
2.31590942E-01  2.01353580E-02  4.10931680E-04
2.32859933E-01  1.99170224E-02  4.02066100E-04
2.34128925E-01  1.98298469E-02  3.97040800E-04
2.35397916E-01  2.04755366E-02  3.95605311E-04
2.36666908E-01  1.97699871E-02  3.97905096E-04
2.37935899E-01  1.95056964E-02  3.96767166E-04
2.39204891E-01  2.01565605E-02  3.89049441E-04
2.40473882E-01  1.95566956E-02  3.94401141E-04
2.41742874E-01  1.94879714E-02  3.87709879E-04
2.43011865E-01  1.94444805E-02  3.88286717E-04
2.44280857E-01  1.95344780E-02  3.88894667E-04
2.45549848E-01  2.00435631E-02  3.83892126E-04
2.46818839E-01  2.04494502E-02  3.94501869E-04
2.48087831E-01  2.04323083E-02  3.88736313E-04
2.49356822E-01  1.94834769E-02  3.84460058E-04
2.50625814E-01  1.99560020E-02  3.77432967E-04
2.51894805E-01  2.01878678E-02  3.83612642E-04
2.53163797E-01  1.94865242E-02  3.84355750E-04
2.54432788E-01  1.99457854E-02  3.78967758E-04
2.55701780E-01  1.99327376E-02  3.78279539E-04
2.56970771E-01  2.09831912E-02  3.82648170E-04
2.58239763E-01  2.00837627E-02  3.81549791E-04
2.59508754E-01  1.99573897E-02  3.79632373E-04
2.60777746E-01  2.04388481E-02  3.71421571E-04
2.62046737E-01  2.03305092E-02  3.83525476E-04
2.63315728E-01  1.98560562E-02  3.67958972E-04
2.64584720E-01  2.01453846E-02  3.79110978E-04
2.65853711E-01  2.00637579E-02  3.74527706E-04
2.67122703E-01  1.97470766E-02  3.57533427E-04
2.68391694E-01  2.00810451E-02  3.71936971E-04
2.69660686E-01  2.03064419E-02  3.70459253E-04
2.70929677E-01  2.05811206E-02  3.76147626E-04
2.72198669E-01  2.06043571E-02  3.70667985E-04
2.73467660E-01  1.98799931E-02  3.63589468E-04
2.74736652E-01  2.05531418E-02  3.77542514E-04
2.76005643E-01  2.01367829E-02  3.57835524E-04
2.77274635E-01  2.00712439E-02  3.61185899E-04
2.78543626E-01  1.97363086E-02  3.60352278E-04
2.79812618E-01  2.03749239E-02  3.61683604E-04
2.81081609E-01  2.01406889E-02  3.67363944E-04
2.82350600E-01  1.98681466E-02  3.53025971E-04
2.83619592E-01  2.03120280E-02  3.60749313E-04
2.84888583E-01  2.01213229E-02  3.55506636E-04
2.86157575E-01  2.00661626E-02  3.58505524E-04
2.87426566E-01  2.02405378E-02  3.59893573E-04
2.88695558E-01  1.99793093E-02  3.51152412E-04
2.89964549E-01  1.98631156E-02  3.55581928E-04
2.91233541E-01  2.02656128E-02  3.52002447E-04
2.92502532E-01  2.03635823E-02  3.53787356E-04
2.93771524E-01  2.02694293E-02  3.56426171E-04
2.95040515E-01  1.97470691E-02  3.54665361E-04
2.96309507E-01  1.98491625E-02  3.61759507E-04
2.97578498E-01  1.97242144E-02  3.54860589E-04
2.98847489E-01  1.98679864E-02  3.56911740E-04
3.00116481E-01  1.96069516E-02  3.55267839E-04
3.01385472E-01  1.94570217E-02  3.54367599E-04
3.02654464E-01  1.98101718E-02  3.68448877E-04
3.03923455E-01  1.96392369E-02  3.51278868E-04
3.05192447E-01  1.93587132E-02  3.60537932E-04
3.06461438E-01  2.02362742E-02  3.63558967E-04
3.07730430E-01  1.99826993E-02  3.59107245E-04
3.08999421E-01  2.00851653E-02  3.61314043E-04
3.10268413E-01  2.03801841E-02  3.60750069E-04
3.11537404E-01  1.96671542E-02  3.63842148E-04
3.12806396E-01  2.00048648E-02  3.59282189E-04
3.14075387E-01  2.01748945E-02  3.68290493E-04
3.15344378E-01  1.97762921E-02  3.52546747E-04
3.16613370E-01  1.96547043E-02  3.60460574E-04
3.17882361E-01  1.94172263E-02  3.58292076E-04
3.19151353E-01  2.01216899E-02  3.56921897E-04
3.20420344E-01  2.01850906E-02  3.63225525E-04
3.21689336E-01  2.00878903E-02  3.65288084E-04
3.22958327E-01  2.02173740E-02  3.69681889E-04
3.24227319E-01  1.95047185E-02  3.65198473E-04
3.25496310E-01  2.07026303E-02  3.71120812E-04
3.26765302E-01  1.97406746E-02  3.69443005E-04
3.28034293E-01  2.04377212E-02  3.72585288E-04
3.29303285E-01  1.99411232E-02  3.72230774E-04
3.30572276E-01  2.01820228E-02  3.71514732E-04
3.31841267E-01  2.02502236E-02  3.68956476E-04
3.33110259E-01  1.96771137E-02  3.76675074E-04
3.34379250E-01  2.00887416E-02  3.69941379E-04
3.35648242E-01  1.97873507E-02  3.79030127E-04
3.36917233E-01  2.00372618E-02  3.71463102E-04
3.38186225E-01  2.00450476E-02  3.74807481E-04
3.39455216E-01  2.05993243E-02  3.82979255E-04
3.40724208E-01  2.02673934E-02  3.74339317E-04
3.41993199E-01  2.03534141E-02  3.78796714E-04
3.43262191E-01  1.98123865E-02  3.72906477E-04
3.44531182E-01  2.03185007E-02  3.82792816E-04
3.45800174E-01  2.02802941E-02  3.82862898E-04
3.47069165E-01  2.05298103E-02  3.74819676E-04
3.48338156E-01  2.01066043E-02  3.80793674E-04
3.49607148E-01  2.07261853E-02  3.78587720E-04
3.50876139E-01  2.00103372E-02  3.78902623E-04
3.52145131E-01  1.99556388E-02  3.71834380E-04
3.53414122E-01  1.93786733E-02  3.68814362E-04
3.54683114E-01  1.98435523E-02  3.72596405E-04
3.55952105E-01  1.98996570E-02  3.75189382E-04
3.57221097E-01  2.01809723E-02  3.77175602E-04
3.58490088E-01  2.01812014E-02  3.75007163E-04
3.59759080E-01  2.03737579E-02  3.79227218E-04
3.61028071E-01  1.99686717E-02  3.74431169E-04
3.62297063E-01  2.02617925E-02  3.79312522E-04
3.63566054E-01  1.97926294E-02  3.79799691E-04
3.64835046E-01  2.01869458E-02  3.74002615E-04
3.66104037E-01  2.05603894E-02  3.86893778E-04
3.67373028E-01  1.97318625E-02  3.69913469E-04
3.68642020E-01  2.05377601E-02  3.83751176E-04
3.69911011E-01  2.03463379E-02  3.81311926E-04
3.71180003E-01  2.02466697E-02  3.81223334E-04
3.72448994E-01  2.03870572E-02  3.89407447E-04
3.73717986E-01  2.06856076E-02  3.79972189E-04
3.74986977E-01  2.04146747E-02  3.86326778E-04
3.76255969E-01  2.01955829E-02  3.79636447E-04
3.77524960E-01  1.98913217E-02  3.81135149E-04
3.78793952E-01  2.05014367E-02  3.89253168E-04
3.80062943E-01  2.00763606E-02  3.74792638E-04
3.81331935E-01  2.06631385E-02  3.92294081E-04
3.82600926E-01  2.07941029E-02  3.92793125E-04
3.83869917E-01  2.03189161E-02  3.93733091E-04
3.85138909E-01  2.02909112E-02  4.01596277E-04
3.86407900E-01  2.04382874E-02  3.97215190E-04
3.87676892E-01  1.96553823E-02  4.11994144E-04
3.88945883E-01  2.02130303E-02  4.01681347E-04
3.90214875E-01  2.02719383E-02  4.07647487E-04
3.91483866E-01  2.08427291E-02  4.20016411E-04
3.92752858E-01  1.96719207E-02  4.07406711E-04
3.94021849E-01  1.99613925E-02  4.15295974E-04
3.95290841E-01  2.03918330E-02  4.16923343E-04
3.96559832E-01  2.09267996E-02  4.29599051E-04
3.97828824E-01  2.01589875E-02  4.27820400E-04
3.99097815E-01  1.98331177E-02  4.33374284E-04
4.00366806E-01  2.02297661E-02  4.43682773E-04
4.01635798E-01  2.09580045E-02  4.63595585E-04
4.02904789E-01  2.02617869E-02  4.69061342E-04
4.04173781E-01  2.04127114E-02  4.58921801E-04
4.05442772E-01  1.97582617E-02  4.67177219E-04
4.06711764E-01  2.08630972E-02  4.78472095E-04
4.07980755E-01  1.96061917E-02  4.78635571E-04
4.09249747E-01  2.00519953E-02  4.89254715E-04
4.10518738E-01  2.09058113E-02  4.92022024E-04
4.11787730E-01  2.06419937E-02  5.10157552E-04
4.13056721E-01  2.06522401E-02  5.01150847E-04
4.14325713E-01  2.04839166E-02  5.12425613E-04
4.15594704E-01  2.05190368E-02  5.13644365E-04
4.16863695E-01  2.06841622E-02  5.25446667E-04
4.18132687E-01  2.06905585E-02  5.42968279E-04
4.19401678E-01  1.98240131E-02  5.14981279E-04
4.20670670E-01  2.10243259E-02  5.51462872E-04
4.21939661E-01  1.94386337E-02  5.30831283E-04
4.23208653E-01  2.07199249E-02  5.62008354E-04
4.24477644E-01  2.12443490E-02  5.65586786E-04
4.25746636E-01  2.24400442E-02  5.83512301E-04
4.27015627E-01  2.17506792E-02  5.93819481E-04
4.28284619E-01  2.09229868E-02  5.76416845E-04
4.29553610E-01  2.10512169E-02  6.01954525E-04
4.30822602E-01  2.07017697E-02  5.83279820E-04
4.32091593E-01  2.19945349E-02  6.22745079E-04
4.33360584E-01  2.08049789E-02  6.09089795E-04
4.34629576E-01  2.11820528E-02  6.23240194E-04
4.35898567E-01  2.04607248E-02  6.24452718E-04
4.37167559E-01  2.02274639E-02  6.11815660E-04
4.38436550E-01  2.03665849E-02  6.67715620E-04
4.39705542E-01  2.01142002E-02  6.23543048E-04
4.40974533E-01  2.08777115E-02  6.58030505E-04
4.42243525E-01  2.19756849E-02  6.99327502E-04
4.43512516E-01  2.02704575E-02  6.47192239E-04
4.44781508E-01  2.03209836E-02  6.91860449E-04
4.46050499E-01  2.10563540E-02  6.90209621E-04
4.47319491E-01  2.14121286E-02  7.16357608E-04
4.48588482E-01  1.99112315E-02  7.11863046E-04
4.49857473E-01  2.11147442E-02  7.24233978E-04
4.51126465E-01  2.04538554E-02  7.33589870E-04
4.52395456E-01  2.06803791E-02  7.49832485E-04
4.53664448E-01  2.02680193E-02  7.51919462E-04
4.54933439E-01  2.09966358E-02  7.70140963E-04
4.56202431E-01  2.12036911E-02  8.20514862E-04
4.57471422E-01  2.14357469E-02  8.08787299E-04
4.58740414E-01  2.11955607E-02  8.21137219E-04
4.60009405E-01  2.19781008E-02  8.57857463E-04
4.61278397E-01  2.06959397E-02  8.48797325E-04
4.62547388E-01  1.96385235E-02  8.41608096E-04
4.63816380E-01  2.16276105E-02  9.16187419E-04
4.65085371E-01  1.99947897E-02  8.79241095E-04
4.66354363E-01  1.98361985E-02  9.08958726E-04
4.67623354E-01  2.18089446E-02  9.66485066E-04
4.68892345E-01  2.05257982E-02  9.55673982E-04
4.70161337E-01  2.17161551E-02  1.03975378E-03
4.71430328E-01  2.27695182E-02  1.04901765E-03
4.72699320E-01  2.01284550E-02  1.06159062E-03
4.73968311E-01  2.09806431E-02  1.10367278E-03
4.75237303E-01  1.98523477E-02  1.09094975E-03
4.76506294E-01  2.04707701E-02  1.14910631E-03
4.77775286E-01  2.32790485E-02  1.27554440E-03
4.79044277E-01  2.07145996E-02  1.25331269E-03
4.80313269E-01  2.13865712E-02  1.30852079E-03
4.81582260E-01  2.18188185E-02  1.42253132E-03
4.82851252E-01  1.87063869E-02  1.32319308E-03
4.84120243E-01  1.99815258E-02  1.48354797E-03
4.85389234E-01  2.00379342E-02  1.49333873E-03
4.86658226E-01  1.99848916E-02  1.56400993E-03
4.87927217E-01  2.46392544E-02  1.80177530E-03
4.89196209E-01  2.33589076E-02  1.92643667E-03
4.90465200E-01  2.05611661E-02  1.85341237E-03
4.91734192E-01  2.61892173E-02  2.28816248E-03
4.93003183E-01  2.13263668E-02  2.31182482E-03
4.94272175E-01  2.13281661E-02  2.42886040E-03
4.95541166E-01  2.49560662E-02  2.84377392E-03
4.96810158E-01  2.54527535E-02  3.08533967E-03
4.98079149E-01  2.00003479E-02  3.01442132E-03
4.99348141E-01  2.21199766E-02  3.26067419E-03
5.00617132E-01  3.20061632E-02  4.43845615E-03
5.01886123E-01  2.77000759E-02  4.12928360E-03
5.03155115E-01  1.95627641E-02  4.26453259E-03
5.04424106E-01  1.80082023E-02  4.24457388E-03
5.05693098E-01  2.56138705E-02  6.40346762E-03
5.06962089E-01  3.00188307E-02  7.75082875E-03
5.08231081E-01  3.20229344E-02  1.60114672E-02
5.09500072E-01  0.00000000E+00  0.00000000E+00
5.10769064E-01  0.00000000E+00  0.00000000E+00
5.12038055E-01  0.00000000E+00  0.00000000E+00
5.13307047E-01  0.00000000E+00  0.00000000E+00


### HEADER:
#
#{
#    "analysis": {
#        "uvvis": {
#            "UVDarkTransmission": 1.0,
#            "UVPathlength": 1.5,
#            "UVTransmission": 1.0
#        }
#    },
#    "calibration_params": {
#        "Beam_Center_X": 316.5,
#        "Beam_Center_Y": 253.5,
#        "Detector Tilt": 0.0,
#        "Detector Tilt Plane Rotation": 0.0,
#        "Detector_X_Pixel_Size": 172.0,
#        "Detector_Y_Pixel_Size": 172.0,
#        "Integration Method": "nosplit_csr",
#        "Radial_Average_Method": "pyFAI",
#        "Sample-to-detector distance (mm)": 632.5,
#        "Wavelength (A)": 1.3403697127913543
#    },
#    "config_file": null,
#    "counters": {},
#    "filename": "11799_A1_MQ_000_c.tiff",
#    "history": {},
#    "imageHeader": {
#        "AFTER": 161083450.0,
#        "BEFORE": 161083450.0,
#        "IC": 161083450.0,
#        "Img.ImgType": "2D",
#        "Img.Site": "TUM",
#        "Meas.Description": "MQ",
#        "aquire_timestamp": "Wed Mar 01 11:06:41 2023",
#        "beam_x": 316.33,
#        "beam_y": 231.94,
#        "beamcenter_actual": "316.33    231.94",
#        "beamcenter_nominal": "316.33    231.94",
#        "bstop": 32.0,
#        "calibrationtype": "geom",
#        "configuraton_number": 2.0,
#        "data_added_constant": 0.0,
#        "data_multiplied_constant": 1.0,
#        "dataset_comments": "MQ",
#        "datatype": "tiff",
#        "det_count_cutoff": 1147717.0,
#        "det_excluded_pixels": "badpix_mask.tif",
#        "det_exposure_period": 62.0,
#        "det_exposure_time": 60.0,
#        "det_flat_field": "(nil)",
#        "det_n_excluded_pixels": 30.0,
#        "det_pixel_size": "172e-6 172e-6",
#        "det_tau": 0.0,
#        "det_thickness": 0.00045,
#        "det_threshold_setting": 4024.0,
#        "det_trim_directory": "p3-0242_E8048_T4024.bin",
#        "detector_dist": 1425.0,
#        "detector_function": "saxs",
#        "detector_sn": "dec1174",
#        "detectortype": "Pilatus",
#        "detx": 1300.0,
#        "dety": 1.371563,
#        "detz": 0.0,
#        "dxdont": 525.0,
#        "error_norm_fact": 1.0,
#        "exposure_time": 60.0,
#        "flatfield_applied": 0.0,
#        "hg1": 2.5,
#        "hg2": 1.05,
#        "hg3": 0.0,
#        "hp1": 0.0,
#        "hp2": 0.0,
#        "hp3": 0.0,
#        "integration_time": 60.0,
#        "livetime": 60.0,
#        "log": "log",
#        "pd": 0.0,
#        "photons_per_100adu": 100.0,
#        "pixelsize": "0.172 0.172",
#        "pixelsize_x": 172.0,
#        "pixelsize_y": 172.0,
#        "reduction_type": "s",
#        "sample_ID": "p 1 10",
#        "sample_angle1": 0.0,
#        "sample_bio_cell_temp": 25.0,
#        "sample_bio_code": "None",
#        "sample_bio_run_number": 1.0,
#        "sample_bio_sample": "p 1 10",
#        "sample_bio_uv_dark": 1.0,
#        "sample_bio_uv_pathlength": 1.5,
#        "sample_bio_uv_trans": 1.0,
#        "sample_concentration": 1.0,
#        "sample_transfact": 1.0,
#        "sample_ypos": 2.5,
#        "sample_zpos": 68.9,
#        "saturated_value": 1147717.0,
#        "saxsconf_Ieff": 1.0,
#        "saxsconf_Imon": 161083450.0,
#        "saxsconf_Itrans": 161083450.0,
#        "saxsconf_Izero": 161083450.0,
#        "saxsconf_det_offx": 0.0,
#        "saxsconf_det_offy": 0.0,
#        "saxsconf_det_pixsizey": 0.172,
#        "saxsconf_det_pixsizez": 0.172,
#        "saxsconf_det_rotx": 0.0,
#        "saxsconf_det_roty": 0.0,
#        "saxsconf_dwavelength": 0.004,
#        "saxsconf_l1": 725.0,
#        "saxsconf_l2": 400.0,
#        "saxsconf_l3": 200.0,
#        "saxsconf_r1": 1.25,
#        "saxsconf_r2": 0.525,
#        "saxsconf_r3": 0.0,
#        "saxsconf_wavelength": 1.3428,
#        "solz": 0.0,
#        "source_kV": 0.0,
#        "source_ma": 0.0,
#        "source_type": "EXCILLUMMETALJET",
#        "start_timestamp": "Wed Mar 01 11:06:41 2023",
#        "thsam": 0.0,
#        "vg1": 2.5,
#        "vg2": 1.05,
#        "vg3": 0.0,
#        "vp1": 0.0,
#        "vp2": 0.0,
#        "vp3": 0.0,
#        "wavelength": 1.3428,
#        "xaxisbintype": "lin",
#        "zinger_removal": 0.0,
#        "zsam": 68.9
#    },
#    "load_path": "/home/saxslab/BIODATA/Users/Course_010323/P2/11799_A1_MQ_000_c.tiff",
#    "normalizations": {
#        "Absolute_scale": {
#            "Absolute_scale_factor": 0.7601938,
#            "Method": "Water"
#        },
#        "Counter_norms": [
#            [
#                "/",
#                "exposure_time"
#            ],
#            [
#                "/",
#                "saxsconf_Izero/1e8"
#            ]
#        ],
#        "Polarization": {
#            "Used": false
#        },
#        "Solid_Angle_Correction": "On"
#    },
#    "raw_version": "2.1.4"
#}

