### DATA:
#
# 393
#      Q             I(Q)           Error     
1.58623933E-02  7.99069822E-01  8.80173780E-03
1.71313847E-02  4.07616794E-01  5.86210843E-03
1.84003762E-02  2.54277498E-01  4.73407377E-03
1.96693677E-02  1.80411279E-01  3.81785422E-03
2.09383591E-02  1.45006761E-01  3.49642360E-03
2.22073506E-02  1.17377236E-01  2.75439350E-03
2.34763421E-02  1.00484818E-01  2.63795117E-03
2.47453335E-02  8.60945806E-02  2.35897698E-03
2.60143250E-02  7.77393058E-02  2.13727658E-03
2.72833164E-02  7.34912977E-02  2.17949413E-03
2.85523079E-02  6.49111718E-02  1.77390012E-03
2.98212994E-02  6.08878732E-02  1.83667347E-03
3.10902908E-02  5.52137271E-02  1.67932222E-03
3.23592823E-02  5.39893098E-02  1.65983511E-03
3.36282738E-02  4.93994728E-02  1.54751632E-03
3.48972652E-02  4.65807915E-02  1.38692232E-03
3.61662567E-02  4.44684587E-02  1.39993057E-03
3.74352481E-02  4.23245355E-02  1.33641553E-03
3.87042396E-02  4.28775214E-02  1.35999173E-03
3.99732311E-02  4.07619327E-02  1.25853776E-03
4.12422225E-02  3.97538319E-02  1.21872977E-03
4.25112140E-02  3.96210402E-02  1.22859399E-03
4.37802055E-02  3.54809090E-02  1.13051059E-03
4.50491969E-02  3.69176641E-02  1.15422707E-03
4.63181884E-02  3.72139253E-02  1.11647171E-03
4.75871798E-02  3.48085389E-02  1.07115449E-03
4.88561713E-02  3.48715149E-02  1.12080760E-03
5.01251628E-02  3.47608067E-02  1.01106940E-03
5.13941542E-02  3.43291424E-02  9.98088857E-04
5.26631457E-02  3.37871835E-02  1.01320667E-03
5.39321372E-02  3.28224003E-02  9.83390841E-04
5.52011286E-02  3.27152722E-02  1.02085597E-03
5.64701201E-02  3.10305301E-02  8.93148477E-04
5.77391115E-02  3.18610035E-02  9.58017190E-04
5.90081030E-02  3.16867419E-02  9.31556977E-04
6.02770945E-02  3.14926021E-02  9.27435176E-04
6.15460859E-02  3.19491215E-02  9.16201097E-04
6.28150774E-02  2.92678513E-02  8.44163587E-04
6.40840689E-02  3.45588960E-02  9.70120600E-04
6.53530603E-02  3.10567673E-02  8.64347676E-04
6.66220518E-02  2.95363944E-02  8.60917731E-04
6.78910432E-02  2.98051313E-02  8.04060022E-04
6.91600347E-02  2.98245102E-02  8.27800483E-04
7.04290262E-02  3.03483177E-02  8.49247794E-04
7.16980176E-02  2.92889662E-02  7.96835811E-04
7.29670091E-02  3.01824491E-02  8.04069685E-04
7.42360006E-02  2.87373215E-02  7.82095245E-04
7.55049920E-02  2.98551526E-02  7.95070897E-04
7.67739835E-02  3.04259993E-02  8.15790263E-04
7.80429750E-02  3.11317705E-02  7.71326246E-04
7.93119664E-02  2.98853461E-02  7.79979629E-04
8.05809579E-02  2.93304808E-02  7.55544694E-04
8.18499493E-02  3.03521659E-02  7.73679931E-04
8.31189408E-02  3.35767828E-02  8.34469451E-04
8.43879323E-02  3.43259498E-02  7.85632350E-04
8.56569237E-02  3.35666053E-02  7.74561195E-04
8.69259152E-02  3.59256938E-02  8.03724455E-04
8.81949067E-02  3.97883095E-02  8.45412374E-04
8.94638981E-02  4.47503999E-02  9.09493247E-04
9.07328896E-02  5.26883826E-02  9.46922402E-04
9.20018810E-02  6.61715046E-02  1.07062981E-03
9.32708725E-02  8.94505754E-02  1.23383035E-03
9.45398640E-02  1.13247231E-01  1.35881454E-03
9.58088554E-02  1.38444960E-01  1.50876318E-03
9.70778469E-02  1.59639999E-01  1.59337546E-03
9.83468384E-02  1.75298959E-01  1.71977479E-03
9.96158298E-02  1.79601014E-01  1.66304363E-03
1.00884821E-01  1.70272112E-01  1.61929091E-03
1.02153813E-01  1.54768303E-01  1.56892894E-03
1.03422804E-01  1.29666358E-01  1.38587505E-03
1.04691796E-01  1.06899075E-01  1.30393822E-03
1.05960787E-01  8.50332901E-02  1.10967539E-03
1.07229779E-01  6.77549019E-02  1.00182672E-03
1.08498770E-01  5.76950461E-02  9.14183445E-04
1.09767762E-01  4.90504019E-02  8.43193440E-04
1.11036753E-01  4.28590961E-02  8.02965311E-04
1.12305744E-01  4.07169275E-02  7.39816227E-04
1.13574736E-01  3.94621007E-02  7.81158276E-04
1.14843727E-01  3.85661498E-02  7.51019455E-04
1.16112719E-01  3.64634655E-02  7.49318569E-04
1.17381710E-01  3.49424332E-02  7.41109427E-04
1.18650702E-01  3.42630520E-02  7.05287501E-04
1.19919693E-01  3.39600928E-02  7.06581457E-04
1.21188685E-01  3.21811847E-02  6.96789939E-04
1.22457676E-01  3.41941640E-02  7.17218674E-04
1.23726668E-01  3.20702456E-02  6.98327494E-04
1.24995659E-01  3.12323552E-02  6.76410564E-04
1.26264651E-01  3.09628770E-02  7.00269418E-04
1.27533642E-01  3.13388966E-02  7.00229779E-04
1.28802633E-01  3.07103284E-02  6.99758180E-04
1.30071625E-01  2.97654960E-02  7.05683546E-04
1.31340616E-01  3.14751416E-02  7.24752259E-04
1.32609608E-01  3.04370467E-02  7.27993145E-04
1.33878599E-01  3.03515177E-02  6.94470480E-04
1.35147591E-01  3.03472616E-02  7.20507174E-04
1.36416582E-01  3.11152507E-02  7.37680122E-04
1.37685574E-01  2.92438194E-02  7.13048677E-04
1.38954565E-01  2.94084065E-02  7.37049908E-04
1.40223557E-01  2.97015347E-02  6.92222384E-04
1.41492548E-01  2.90167350E-02  7.25391088E-04
1.42761540E-01  2.92341858E-02  7.30161439E-04
1.44030531E-01  2.96248086E-02  7.27765553E-04
1.45299522E-01  2.75330096E-02  7.12548092E-04
1.46568514E-01  2.84461360E-02  6.99416036E-04
1.47837505E-01  2.85495389E-02  7.02603371E-04
1.49106497E-01  2.83814538E-02  6.90375222E-04
1.50375488E-01  2.82063652E-02  6.85505802E-04
1.51644480E-01  2.91991308E-02  6.89359382E-04
1.52913471E-01  2.94362828E-02  6.76370051E-04
1.54182463E-01  2.85721943E-02  6.66798849E-04
1.55451454E-01  2.88337599E-02  6.62702660E-04
1.56720446E-01  2.86264885E-02  6.58108329E-04
1.57989437E-01  2.91305874E-02  6.72907976E-04
1.59258429E-01  2.84063742E-02  6.60775986E-04
1.60527420E-01  2.85621379E-02  6.51468174E-04
1.61796411E-01  2.78983749E-02  6.04623929E-04
1.63065403E-01  2.87090018E-02  6.21176674E-04
1.64334394E-01  2.92777456E-02  6.26027759E-04
1.65603386E-01  2.97651477E-02  6.24859822E-04
1.66872377E-01  2.82848421E-02  6.13580050E-04
1.68141369E-01  2.84356046E-02  5.75644837E-04
1.69410360E-01  2.89886650E-02  5.97852806E-04
1.70679352E-01  2.74320468E-02  5.81278349E-04
1.71948343E-01  2.85934918E-02  5.80512104E-04
1.73217335E-01  2.93643065E-02  5.92393393E-04
1.74486326E-01  2.98711825E-02  5.79168263E-04
1.75755318E-01  2.91752331E-02  5.83494257E-04
1.77024309E-01  3.00355610E-02  5.88135503E-04
1.78293300E-01  2.99928840E-02  5.64883405E-04
1.79562292E-01  3.05070095E-02  5.81320142E-04
1.80831283E-01  3.13501358E-02  5.80651918E-04
1.82100275E-01  3.07320990E-02  5.73745696E-04
1.83369266E-01  3.17429416E-02  5.91592398E-04
1.84638258E-01  3.28657255E-02  5.80263848E-04
1.85907249E-01  3.31138335E-02  5.88973577E-04
1.87176241E-01  3.40340286E-02  5.91110613E-04
1.88445232E-01  3.68536972E-02  6.13801065E-04
1.89714224E-01  3.65884192E-02  6.03879336E-04
1.90983215E-01  4.12437506E-02  6.48724090E-04
1.92252207E-01  4.28244285E-02  6.48557208E-04
1.93521198E-01  4.71818559E-02  6.85091247E-04
1.94790190E-01  5.22333197E-02  6.96196803E-04
1.96059181E-01  5.81506155E-02  7.45520636E-04
1.97328172E-01  6.03024773E-02  7.62833748E-04
1.98597164E-01  5.99999018E-02  7.61815230E-04
1.99866155E-01  6.03440851E-02  7.57443893E-04
2.01135147E-01  5.67550100E-02  7.18936441E-04
2.02404138E-01  5.33531047E-02  6.90687622E-04
2.03673130E-01  4.84577790E-02  6.63680607E-04
2.04942121E-01  4.49202210E-02  6.46618602E-04
2.06211113E-01  4.08106446E-02  6.00936473E-04
2.07480104E-01  3.74343358E-02  5.72600751E-04
2.08749096E-01  3.46628875E-02  5.59951994E-04
2.10018087E-01  3.27626765E-02  5.42729918E-04
2.11287079E-01  3.21381018E-02  5.25791198E-04
2.12556070E-01  3.04824039E-02  5.03304647E-04
2.13825061E-01  2.93400623E-02  5.05400007E-04
2.15094053E-01  2.82215346E-02  4.94869426E-04
2.16363044E-01  2.84085255E-02  4.97538014E-04
2.17632036E-01  2.76211854E-02  4.79635550E-04
2.18901027E-01  2.72431131E-02  4.77850204E-04
2.20170019E-01  2.58839577E-02  4.64778801E-04
2.21439010E-01  2.54244246E-02  4.62833123E-04
2.22708002E-01  2.62051113E-02  4.60492709E-04
2.23976993E-01  2.53987480E-02  4.55645117E-04
2.25245985E-01  2.53462847E-02  4.52441949E-04
2.26514976E-01  2.40954254E-02  4.45616373E-04
2.27783968E-01  2.42763087E-02  4.39109892E-04
2.29052959E-01  2.36621164E-02  4.32936708E-04
2.30321950E-01  2.38102172E-02  4.29605541E-04
2.31590942E-01  2.37875152E-02  4.40832053E-04
2.32859933E-01  2.34160889E-02  4.29667212E-04
2.34128925E-01  2.37580631E-02  4.28113708E-04
2.35397916E-01  2.20267121E-02  4.06619714E-04
2.36666908E-01  2.22786926E-02  4.17220523E-04
2.37935899E-01  2.28656158E-02  4.22942481E-04
2.39204891E-01  2.22291723E-02  4.03567072E-04
2.40473882E-01  2.18800381E-02  4.11856658E-04
2.41742874E-01  2.18934938E-02  4.06642794E-04
2.43011865E-01  2.18014978E-02  4.04754945E-04
2.44280857E-01  2.16003433E-02  4.03252314E-04
2.45549848E-01  2.08170060E-02  3.87290609E-04
2.46818839E-01  2.16406472E-02  4.01835103E-04
2.48087831E-01  2.18636896E-02  3.98750184E-04
2.49356822E-01  2.18278766E-02  4.01317724E-04
2.50625814E-01  2.18647085E-02  3.90303321E-04
2.51894805E-01  2.13377681E-02  3.90004861E-04
2.53163797E-01  2.14368813E-02  3.97432799E-04
2.54432788E-01  2.10627262E-02  3.85075167E-04
2.55701780E-01  2.08919104E-02  3.83187871E-04
2.56970771E-01  2.10800096E-02  3.80938640E-04
2.58239763E-01  2.08855830E-02  3.86693864E-04
2.59508754E-01  2.12959703E-02  3.87315784E-04
2.60777746E-01  2.07896549E-02  3.70869675E-04
2.62046737E-01  2.02893168E-02  3.80263635E-04
2.63315728E-01  2.08567586E-02  3.73617338E-04
2.64584720E-01  2.03153752E-02  3.77059070E-04
2.65853711E-01  2.07469817E-02  3.78750614E-04
2.67122703E-01  2.09801067E-02  3.65164684E-04
2.68391694E-01  2.10918002E-02  3.77818244E-04
2.69660686E-01  2.07294542E-02  3.71559494E-04
2.70929677E-01  2.01358423E-02  3.70616821E-04
2.72198669E-01  2.06492823E-02  3.67341097E-04
2.73467660E-01  2.06870753E-02  3.66999710E-04
2.74736652E-01  2.03932356E-02  3.72109818E-04
2.76005643E-01  2.02828683E-02  3.56203498E-04
2.77274635E-01  2.10725982E-02  3.66687716E-04
2.78543626E-01  2.06650235E-02  3.64451349E-04
2.79812618E-01  2.05594283E-02  3.61456681E-04
2.81081609E-01  2.08543334E-02  3.69889633E-04
2.82350600E-01  2.08553858E-02  3.57918703E-04
2.83619592E-01  2.07577571E-02  3.61060374E-04
2.84888583E-01  2.05705371E-02  3.56925215E-04
2.86157575E-01  2.01057103E-02  3.56269971E-04
2.87426566E-01  2.08159387E-02  3.61425249E-04
2.88695558E-01  2.07573809E-02  3.54560587E-04
2.89964549E-01  2.07834709E-02  3.60237929E-04
2.91233541E-01  2.04586387E-02  3.50751070E-04
2.92502532E-01  2.04743333E-02  3.52023810E-04
2.93771524E-01  2.07488947E-02  3.56897188E-04
2.95040515E-01  2.11151037E-02  3.62221210E-04
2.96309507E-01  2.03626230E-02  3.64472769E-04
2.97578498E-01  2.05704831E-02  3.59131343E-04
2.98847489E-01  2.07763873E-02  3.61923769E-04
3.00116481E-01  2.11202409E-02  3.65480664E-04
3.01385472E-01  2.11511645E-02  3.65614542E-04
3.02654464E-01  2.02190541E-02  3.67219414E-04
3.03923455E-01  2.12707203E-02  3.61097103E-04
3.05192447E-01  2.04869714E-02  3.66019871E-04
3.06461438E-01  2.12649480E-02  3.68724373E-04
3.07730430E-01  2.02369504E-02  3.58945923E-04
3.08999421E-01  2.16190983E-02  3.70299676E-04
3.10268413E-01  2.15354785E-02  3.67497181E-04
3.11537404E-01  2.12213974E-02  3.73820571E-04
3.12806396E-01  2.04720907E-02  3.59865138E-04
3.14075387E-01  2.06659175E-02  3.69936111E-04
3.15344378E-01  2.16203127E-02  3.65282991E-04
3.16613370E-01  2.06121821E-02  3.65831540E-04
3.17882361E-01  2.10082084E-02  3.68800713E-04
3.19151353E-01  2.15934217E-02  3.66022170E-04
3.20420344E-01  2.09592804E-02  3.66028427E-04
3.21689336E-01  2.12186091E-02  3.71994858E-04
3.22958327E-01  2.09705979E-02  3.72815848E-04
3.24227319E-01  2.15787515E-02  3.79402220E-04
3.25496310E-01  2.12789495E-02  3.73771269E-04
3.26765302E-01  2.07394380E-02  3.75077565E-04
3.28034293E-01  2.14976668E-02  3.78204975E-04
3.29303285E-01  2.17812806E-02  3.85153864E-04
3.30572276E-01  2.07570028E-02  3.73383838E-04
3.31841267E-01  2.10193284E-02  3.72236449E-04
3.33110259E-01  2.18957663E-02  3.92471295E-04
3.34379250E-01  2.13344116E-02  3.77386750E-04
3.35648242E-01  2.13268343E-02  3.89776542E-04
3.36917233E-01  2.15246230E-02  3.80826881E-04
3.38186225E-01  2.09429096E-02  3.78496217E-04
3.39455216E-01  2.12495849E-02  3.85312102E-04
3.40724208E-01  2.16960460E-02  3.83327977E-04
3.41993199E-01  2.12140791E-02  3.83749779E-04
3.43262191E-01  2.07446553E-02  3.78222612E-04
3.44531182E-01  2.16915887E-02  3.90618196E-04
3.45800174E-01  2.16696970E-02  3.91433918E-04
3.47069165E-01  2.11516861E-02  3.77534510E-04
3.48338156E-01  2.13550534E-02  3.87909793E-04
3.49607148E-01  2.12832168E-02  3.79059667E-04
3.50876139E-01  2.14440525E-02  3.87616485E-04
3.52145131E-01  2.17513312E-02  3.84187355E-04
3.53414122E-01  2.10712329E-02  3.80033482E-04
3.54683114E-01  2.13346817E-02  3.81952064E-04
3.55952105E-01  2.13979650E-02  3.83809820E-04
3.57221097E-01  2.11872123E-02  3.82401195E-04
3.58490088E-01  2.13773549E-02  3.82092549E-04
3.59759080E-01  2.14575008E-02  3.85710096E-04
3.61028071E-01  2.11244877E-02  3.80770682E-04
3.62297063E-01  2.10345611E-02  3.83508246E-04
3.63566054E-01  2.13901699E-02  3.90359928E-04
3.64835046E-01  2.17198264E-02  3.83582781E-04
3.66104037E-01  2.13295054E-02  3.90179688E-04
3.67373028E-01  2.09117141E-02  3.75627365E-04
3.68642020E-01  2.08297353E-02  3.83502687E-04
3.69911011E-01  2.15498041E-02  3.86855943E-04
3.71180003E-01  2.12148074E-02  3.86190979E-04
3.72448994E-01  2.10963134E-02  3.93375871E-04
3.73717986E-01  2.12127939E-02  3.81355203E-04
3.74986977E-01  2.14263313E-02  3.91993817E-04
3.76255969E-01  2.13134345E-02  3.86710512E-04
3.77524960E-01  2.15238295E-02  3.91351001E-04
3.78793952E-01  2.16555502E-02  3.95400450E-04
3.80062943E-01  2.06955615E-02  3.77462537E-04
3.81331935E-01  2.12673172E-02  3.94133182E-04
3.82600926E-01  2.18399260E-02  3.97354568E-04
3.83869917E-01  2.09285431E-02  3.97177733E-04
3.85138909E-01  2.10324209E-02  4.04628838E-04
3.86407900E-01  2.14018822E-02  4.01993864E-04
3.87676892E-01  2.16206759E-02  4.25524224E-04
3.88945883E-01  2.07344592E-02  4.03836108E-04
3.90214875E-01  2.20414195E-02  4.20235447E-04
3.91483866E-01  2.12563127E-02  4.19116463E-04
3.92752858E-01  2.08561905E-02  4.14535694E-04
3.94021849E-01  2.18311492E-02  4.29439970E-04
3.95290841E-01  2.13071387E-02  4.22298355E-04
3.96559832E-01  2.15235259E-02  4.32227331E-04
3.97828824E-01  2.06763074E-02  4.28763044E-04
3.99097815E-01  2.18153838E-02  4.48400475E-04
4.00366806E-01  2.13078707E-02  4.51554690E-04
4.01635798E-01  2.14033220E-02  4.63645323E-04
4.02904789E-01  2.13179737E-02  4.75835637E-04
4.04173781E-01  2.18387339E-02  4.68269980E-04
4.05442772E-01  2.17587408E-02  4.82818141E-04
4.06711764E-01  2.13885009E-02  4.79402253E-04
4.07980755E-01  2.08376143E-02  4.87375713E-04
4.09249747E-01  2.15289630E-02  5.02381823E-04
4.10518738E-01  2.07926352E-02  4.87712503E-04
4.11787730E-01  2.01851577E-02  5.02035604E-04
4.13056721E-01  2.18477696E-02  5.10462269E-04
4.14325713E-01  2.17288285E-02  5.23931871E-04
4.15594704E-01  2.07484681E-02  5.11664257E-04
4.16863695E-01  2.08868049E-02  5.25953714E-04
4.18132687E-01  2.06350386E-02  5.38371271E-04
4.19401678E-01  2.13321336E-02  5.29725279E-04
4.20670670E-01  2.08975449E-02  5.42908208E-04
4.21939661E-01  2.07828097E-02  5.44668233E-04
4.23208653E-01  2.28249338E-02  5.83210378E-04
4.24477644E-01  2.13977583E-02  5.63144742E-04
4.25746636E-01  2.09892076E-02  5.60954213E-04
4.27015627E-01  2.22770665E-02  5.95706049E-04
4.28284619E-01  2.04170085E-02  5.66320086E-04
4.29553610E-01  2.10552234E-02  5.95865131E-04
4.30822602E-01  2.18864456E-02  5.94671001E-04
4.32091593E-01  1.98611058E-02  5.90347394E-04
4.33360584E-01  2.12529898E-02  6.10813091E-04
4.34629576E-01  2.11152099E-02  6.18556107E-04
4.35898567E-01  2.06165370E-02  6.25266170E-04
4.37167559E-01  2.06538495E-02  6.12062460E-04
4.38436550E-01  2.06444338E-02  6.63652609E-04
4.39705542E-01  2.10633967E-02  6.32657611E-04
4.40974533E-01  2.14848109E-02  6.64027000E-04
4.42243525E-01  2.10684650E-02  6.82196463E-04
4.43512516E-01  2.13511549E-02  6.57750934E-04
4.44781508E-01  2.06932742E-02  6.92624191E-04
4.46050499E-01  2.11976506E-02  6.85437059E-04
4.47319491E-01  2.06053220E-02  7.00303586E-04
4.48588482E-01  2.15508100E-02  7.33504596E-04
4.49857473E-01  2.18157023E-02  7.26228871E-04
4.51126465E-01  2.26046816E-02  7.63633172E-04
4.52395456E-01  2.14342959E-02  7.55727815E-04
4.53664448E-01  2.12433916E-02  7.61927746E-04
4.54933439E-01  2.20701098E-02  7.82644784E-04
4.56202431E-01  2.13019196E-02  8.12481914E-04
4.57471422E-01  1.93759371E-02  7.65549426E-04
4.58740414E-01  2.23144032E-02  8.36112071E-04
4.60009405E-01  2.20269449E-02  8.52042518E-04
4.61278397E-01  2.20751856E-02  8.67642288E-04
4.62547388E-01  2.16779523E-02  8.75314465E-04
4.63816380E-01  2.15514619E-02  9.08861228E-04
4.65085371E-01  2.12533213E-02  9.05837223E-04
4.66354363E-01  2.30142456E-02  9.76418203E-04
4.67623354E-01  1.99308135E-02  9.21897299E-04
4.68892345E-01  2.08819658E-02  9.54918272E-04
4.70161337E-01  2.18460094E-02  1.03646272E-03
4.71430328E-01  2.36244388E-02  1.06063497E-03
4.72699320E-01  2.11786032E-02  1.07484125E-03
4.73968311E-01  2.00784970E-02  1.06977904E-03
4.75237303E-01  2.09081210E-02  1.11706718E-03
4.76506294E-01  2.10474320E-02  1.15299271E-03
4.77775286E-01  2.52641160E-02  1.31865696E-03
4.79044277E-01  2.05721762E-02  1.23586797E-03
4.80313269E-01  1.91576760E-02  1.23839080E-03
4.81582260E-01  2.08953489E-02  1.38586410E-03
4.82851252E-01  2.13904493E-02  1.38019293E-03
4.84120243E-01  2.15700436E-02  1.51348277E-03
4.85389234E-01  1.97590273E-02  1.46858930E-03
4.86658226E-01  1.90111920E-02  1.51143665E-03
4.87927217E-01  2.28747111E-02  1.74348429E-03
4.89196209E-01  2.50434354E-02  1.96759822E-03
4.90465200E-01  2.22059283E-02  1.90394267E-03
4.91734192E-01  1.95163712E-02  2.00070231E-03
4.93003183E-01  2.27023307E-02  2.34143692E-03
4.94272175E-01  2.12941933E-02  2.39505339E-03
4.95541166E-01  2.27157269E-02  2.69560074E-03
4.96810158E-01  2.40228307E-02  2.95667653E-03
4.98079149E-01  1.97219644E-02  2.93997698E-03
4.99348141E-01  2.08839159E-02  3.18162050E-03
5.00617132E-01  2.24566329E-02  3.69184790E-03
5.01886123E-01  1.94236599E-02  3.43365036E-03
5.03155115E-01  2.71820277E-02  4.96015372E-03
5.04424106E-01  2.26901993E-02  4.83299233E-03
5.05693098E-01  1.42072616E-02  4.73575387E-03
5.06962089E-01  1.38138002E-02  5.22112567E-03
5.08231081E-01  3.15772109E-02  1.57886054E-02
5.09500072E-01  0.00000000E+00  0.00000000E+00
5.10769064E-01  0.00000000E+00  0.00000000E+00
5.12038055E-01  0.00000000E+00  0.00000000E+00
5.13307047E-01  0.00000000E+00  0.00000000E+00


### HEADER:
#
#{
#    "analysis": {
#        "uvvis": {
#            "UVDarkTransmission": 1.0,
#            "UVPathlength": 1.5,
#            "UVTransmission": 1.0
#        }
#    },
#    "calibration_params": {
#        "Beam_Center_X": 316.5,
#        "Beam_Center_Y": 253.5,
#        "Detector Tilt": 0.0,
#        "Detector Tilt Plane Rotation": 0.0,
#        "Detector_X_Pixel_Size": 172.0,
#        "Detector_Y_Pixel_Size": 172.0,
#        "Integration Method": "nosplit_csr",
#        "Radial_Average_Method": "pyFAI",
#        "Sample-to-detector distance (mm)": 632.5,
#        "Wavelength (A)": 1.3403697127913543
#    },
#    "config_file": null,
#    "counters": {},
#    "filename": "11802_A1_Phosphate_002_c.tiff",
#    "history": {},
#    "imageHeader": {
#        "AFTER": 163357200.0,
#        "BEFORE": 163357200.0,
#        "IC": 163357200.0,
#        "Img.ImgType": "2D",
#        "Img.Site": "TUM",
#        "Meas.Description": "Phosphate",
#        "aquire_timestamp": "Wed Mar 01 11:47:50 2023",
#        "beam_x": 316.33,
#        "beam_y": 231.94,
#        "beamcenter_actual": "316.33    231.94",
#        "beamcenter_nominal": "316.33    231.94",
#        "bstop": 32.0,
#        "calibrationtype": "geom",
#        "configuraton_number": 2.0,
#        "data_added_constant": 0.0,
#        "data_multiplied_constant": 1.0,
#        "dataset_comments": "Phosphate",
#        "datatype": "tiff",
#        "det_count_cutoff": 1147717.0,
#        "det_excluded_pixels": "badpix_mask.tif",
#        "det_exposure_period": 62.0,
#        "det_exposure_time": 60.0,
#        "det_flat_field": "(nil)",
#        "det_n_excluded_pixels": 30.0,
#        "det_pixel_size": "172e-6 172e-6",
#        "det_tau": 0.0,
#        "det_thickness": 0.00045,
#        "det_threshold_setting": 4024.0,
#        "det_trim_directory": "p3-0242_E8048_T4024.bin",
#        "detector_dist": 650.0,
#        "detector_function": "saxs",
#        "detector_sn": "dec1174",
#        "detectortype": "Pilatus",
#        "detx": 525.0,
#        "dety": 1.371563,
#        "detz": 0.0,
#        "dxdont": 525.0,
#        "error_norm_fact": 1.0,
#        "exposure_time": 60.0,
#        "flatfield_applied": 0.0,
#        "hg1": 2.5,
#        "hg2": 1.05,
#        "hg3": 0.0,
#        "hp1": 0.0,
#        "hp2": 0.0,
#        "hp3": 0.0,
#        "integration_time": 60.0,
#        "livetime": 60.0,
#        "log": "log",
#        "pd": 0.0,
#        "photons_per_100adu": 100.0,
#        "pixelsize": "0.172 0.172",
#        "pixelsize_x": 172.0,
#        "pixelsize_y": 172.0,
#        "reduction_type": "s",
#        "sample_ID": "p 3 10",
#        "sample_angle1": 0.0,
#        "sample_bio_cell_temp": 25.0,
#        "sample_bio_code": "None",
#        "sample_bio_run_number": 1.0,
#        "sample_bio_sample": "p 3 10",
#        "sample_bio_uv_dark": 1.0,
#        "sample_bio_uv_pathlength": 1.5,
#        "sample_bio_uv_trans": 1.0,
#        "sample_concentration": 1.0,
#        "sample_transfact": 1.0,
#        "sample_ypos": 2.5,
#        "sample_zpos": 68.9,
#        "saturated_value": 1147717.0,
#        "saxsconf_Ieff": 1.0,
#        "saxsconf_Imon": 163357200.0,
#        "saxsconf_Itrans": 163357200.0,
#        "saxsconf_Izero": 163357200.0,
#        "saxsconf_det_offx": 0.0,
#        "saxsconf_det_offy": 0.0,
#        "saxsconf_det_pixsizey": 0.172,
#        "saxsconf_det_pixsizez": 0.172,
#        "saxsconf_det_rotx": 0.0,
#        "saxsconf_det_roty": 0.0,
#        "saxsconf_dwavelength": 0.004,
#        "saxsconf_l1": 725.0,
#        "saxsconf_l2": 400.0,
#        "saxsconf_l3": 200.0,
#        "saxsconf_r1": 1.25,
#        "saxsconf_r2": 0.525,
#        "saxsconf_r3": 0.0,
#        "saxsconf_wavelength": 1.3428,
#        "solz": 0.0,
#        "source_kV": 0.0,
#        "source_ma": 0.0,
#        "source_type": "EXCILLUMMETALJET",
#        "start_timestamp": "Wed Mar 01 11:47:50 2023",
#        "thsam": 0.0,
#        "vg1": 2.5,
#        "vg2": 1.05,
#        "vg3": 0.0,
#        "vp1": 0.0,
#        "vp2": 0.0,
#        "vp3": 0.0,
#        "wavelength": 1.3428,
#        "xaxisbintype": "lin",
#        "zinger_removal": 0.0,
#        "zsam": 68.9
#    },
#    "load_path": "/home/saxslab/BIODATA/Users/Course_010323/P3/11802_A1_Phosphate_002_c.tiff",
#    "normalizations": {
#        "Absolute_scale": {
#            "Absolute_scale_factor": 0.7601938,
#            "Method": "Water"
#        },
#        "Counter_norms": [
#            [
#                "/",
#                "exposure_time"
#            ],
#            [
#                "/",
#                "saxsconf_Izero/1e8"
#            ]
#        ],
#        "Polarization": {
#            "Used": false
#        },
#        "Solid_Angle_Correction": "On"
#    },
#    "raw_version": "2.1.4"
#}

