### DATA:
#
# 393
#      Q             I(Q)           Error     
1.58623933E-02  7.98182964E-01  8.81284382E-03
1.71313847E-02  3.98269832E-01  5.80504118E-03
1.84003762E-02  2.60687292E-01  4.80208453E-03
1.96693677E-02  1.76851302E-01  3.78687005E-03
2.09383591E-02  1.50188193E-01  3.56481178E-03
2.22073506E-02  1.17544919E-01  2.76137097E-03
2.34763421E-02  9.76533145E-02  2.60524638E-03
2.47453335E-02  8.57591927E-02  2.35865777E-03
2.60143250E-02  8.10888484E-02  2.18680361E-03
2.72833164E-02  7.58995041E-02  2.21894239E-03
2.85523079E-02  6.68016225E-02  1.80281745E-03
2.98212994E-02  6.23883605E-02  1.86254655E-03
3.10902908E-02  5.77193387E-02  1.71933055E-03
3.23592823E-02  5.52100949E-02  1.68154750E-03
3.36282738E-02  5.16227484E-02  1.58483279E-03
3.48972652E-02  5.11396192E-02  1.45520444E-03
3.61662567E-02  4.97612208E-02  1.48359302E-03
3.74352481E-02  4.89095822E-02  1.43851712E-03
3.87042396E-02  4.48500551E-02  1.39409385E-03
3.99732311E-02  4.13384475E-02  1.26969814E-03
4.12422225E-02  4.19196300E-02  1.25370640E-03
4.25112140E-02  3.96507420E-02  1.23188342E-03
4.37802055E-02  3.88178155E-02  1.18283252E-03
4.50491969E-02  3.91064547E-02  1.18722650E-03
4.63181884E-02  3.64097469E-02  1.10586686E-03
4.75871798E-02  3.39125618E-02  1.05873216E-03
4.88561713E-02  3.48542444E-02  1.12199539E-03
5.01251628E-02  3.48283276E-02  1.01517735E-03
5.13941542E-02  3.36987600E-02  9.91134089E-04
5.26631457E-02  3.39709707E-02  1.01825735E-03
5.39321372E-02  3.19686309E-02  9.73214803E-04
5.52011286E-02  3.22599672E-02  1.01458479E-03
5.64701201E-02  3.29618677E-02  9.20229941E-04
5.77391115E-02  3.09713893E-02  9.45488282E-04
5.90081030E-02  3.20762098E-02  9.40557627E-04
6.02770945E-02  3.22878100E-02  9.38344107E-04
6.15460859E-02  3.05397194E-02  8.98988743E-04
6.28150774E-02  2.98109762E-02  8.52773257E-04
6.40840689E-02  3.31872888E-02  9.51707887E-04
6.53530603E-02  3.10496278E-02  8.65159906E-04
6.66220518E-02  2.96939574E-02  8.65500537E-04
6.78910432E-02  2.93079726E-02  7.99706671E-04
6.91600347E-02  2.92917900E-02  8.21288733E-04
7.04290262E-02  3.03163193E-02  8.49689299E-04
7.16980176E-02  3.07582635E-02  8.17670487E-04
7.29670091E-02  2.99500041E-02  8.02160939E-04
7.42360006E-02  3.02173421E-02  8.01872404E-04
7.55049920E-02  3.06197889E-02  8.06337688E-04
7.67739835E-02  3.16085741E-02  8.33528349E-04
7.80429750E-02  3.12068928E-02  7.73897918E-04
7.93119664E-02  2.96087861E-02  7.77810987E-04
8.05809579E-02  3.13062519E-02  7.82646588E-04
8.18499493E-02  3.05806194E-02  7.77739682E-04
8.31189408E-02  3.27047855E-02  8.24860937E-04
8.43879323E-02  3.42705920E-02  7.87047495E-04
8.56569237E-02  3.56357768E-02  7.99236645E-04
8.69259152E-02  3.54434736E-02  7.99973554E-04
8.81949067E-02  4.01314199E-02  8.51357181E-04
8.94638981E-02  4.49132547E-02  9.12614691E-04
9.07328896E-02  5.17699160E-02  9.40339116E-04
9.20018810E-02  6.92113712E-02  1.09693618E-03
9.32708725E-02  8.65307748E-02  1.21573242E-03
9.45398640E-02  1.11483045E-01  1.35063997E-03
9.58088554E-02  1.37694612E-01  1.50740449E-03
9.70778469E-02  1.54299274E-01  1.56934350E-03
9.83468384E-02  1.68875739E-01  1.69104175E-03
9.96158298E-02  1.73315212E-01  1.63665216E-03
1.00884821E-01  1.67568833E-01  1.60930562E-03
1.02153813E-01  1.48068577E-01  1.53738470E-03
1.03422804E-01  1.27432615E-01  1.37638359E-03
1.04691796E-01  1.04430705E-01  1.29113882E-03
1.05960787E-01  8.47177878E-02  1.10962847E-03
1.07229779E-01  6.82542101E-02  1.00744900E-03
1.08498770E-01  5.37336394E-02  8.83972913E-04
1.09767762E-01  4.71940525E-02  8.28475808E-04
1.11036753E-01  4.43437211E-02  8.18517467E-04
1.12305744E-01  4.07978259E-02  7.41288357E-04
1.13574736E-01  3.95282656E-02  7.82622839E-04
1.14843727E-01  3.69897969E-02  7.37146474E-04
1.16112719E-01  3.56858894E-02  7.43450422E-04
1.17381710E-01  3.41723934E-02  7.34251807E-04
1.18650702E-01  3.28352153E-02  6.90845714E-04
1.19919693E-01  3.35976146E-02  7.04548904E-04
1.21188685E-01  3.24037969E-02  6.99975004E-04
1.22457676E-01  3.29169221E-02  7.05484941E-04
1.23726668E-01  3.19287293E-02  6.98890886E-04
1.24995659E-01  3.31510529E-02  6.98263466E-04
1.26264651E-01  3.12656239E-02  7.04600301E-04
1.27533642E-01  3.07957195E-02  6.95774623E-04
1.28802633E-01  3.13469246E-02  7.07686471E-04
1.30071625E-01  2.96073873E-02  7.03537778E-04
1.31340616E-01  3.05405837E-02  7.14698399E-04
1.32609608E-01  3.10001168E-02  7.35596055E-04
1.33878599E-01  2.80541629E-02  6.68889552E-04
1.35147591E-01  2.95005571E-02  7.11933069E-04
1.36416582E-01  3.01498417E-02  7.25706632E-04
1.37685574E-01  2.92806514E-02  7.15432107E-04
1.38954565E-01  2.92937867E-02  7.37191353E-04
1.40223557E-01  2.86984071E-02  6.82310900E-04
1.41492548E-01  2.82923281E-02  7.17898540E-04
1.42761540E-01  3.02694198E-02  7.44048506E-04
1.44030531E-01  2.77659409E-02  7.07742758E-04
1.45299522E-01  2.72287317E-02  7.10398832E-04
1.46568514E-01  2.88231876E-02  7.03832426E-04
1.47837505E-01  2.81543676E-02  7.00525183E-04
1.49106497E-01  2.87697557E-02  6.97134179E-04
1.50375488E-01  2.83755045E-02  6.90406130E-04
1.51644480E-01  2.84139123E-02  6.80573925E-04
1.52913471E-01  2.86133960E-02  6.68488850E-04
1.54182463E-01  2.71261111E-02  6.51395647E-04
1.55451454E-01  2.79811621E-02  6.56198012E-04
1.56720446E-01  3.04499827E-02  6.79179677E-04
1.57989437E-01  2.84770057E-02  6.68561959E-04
1.59258429E-01  2.85097510E-02  6.63003710E-04
1.60527420E-01  2.85331644E-02  6.52168936E-04
1.61796411E-01  2.83924248E-02  6.11181371E-04
1.63065403E-01  2.82622185E-02  6.18926424E-04
1.64334394E-01  2.78006289E-02  6.10869494E-04
1.65603386E-01  2.74657961E-02  6.02913147E-04
1.66872377E-01  2.88535859E-02  6.21253916E-04
1.68141369E-01  2.78891549E-02  5.71763550E-04
1.69410360E-01  2.80853994E-02  5.90878888E-04
1.70679352E-01  2.98374426E-02  6.06027490E-04
1.71948343E-01  2.83921305E-02  5.79656626E-04
1.73217335E-01  2.91252919E-02  5.91190183E-04
1.74486326E-01  2.89151836E-02  5.71249519E-04
1.75755318E-01  2.95608323E-02  5.88273571E-04
1.77024309E-01  2.94545256E-02  5.84642228E-04
1.78293300E-01  2.95084715E-02  5.60662302E-04
1.79562292E-01  3.09172310E-02  5.86165464E-04
1.80831283E-01  3.13460194E-02  5.81872649E-04
1.82100275E-01  3.16348113E-02  5.82146517E-04
1.83369266E-01  3.07454541E-02  5.83845482E-04
1.84638258E-01  3.29134688E-02  5.82737383E-04
1.85907249E-01  3.34440880E-02  5.93716104E-04
1.87176241E-01  3.40552181E-02  5.91838674E-04
1.88445232E-01  3.39157395E-02  5.90393378E-04
1.89714224E-01  3.78890783E-02  6.15208584E-04
1.90983215E-01  3.91818061E-02  6.34111348E-04
1.92252207E-01  4.38178107E-02  6.57373748E-04
1.93521198E-01  4.77527492E-02  6.90331042E-04
1.94790190E-01  5.13337776E-02  6.91681460E-04
1.96059181E-01  5.55050112E-02  7.29508582E-04
1.97328172E-01  5.86239621E-02  7.53449218E-04
1.98597164E-01  6.11696318E-02  7.70664890E-04
1.99866155E-01  5.75579293E-02  7.41096039E-04
2.01135147E-01  5.66416457E-02  7.19523756E-04
2.02404138E-01  5.19501828E-02  6.82787097E-04
2.03673130E-01  4.66734394E-02  6.52472314E-04
2.04942121E-01  4.41312231E-02  6.42082712E-04
2.06211113E-01  3.95397432E-02  5.92725060E-04
2.07480104E-01  3.74477617E-02  5.73679514E-04
2.08749096E-01  3.44901457E-02  5.59795939E-04
2.10018087E-01  3.35998535E-02  5.50002092E-04
2.11287079E-01  3.10425926E-02  5.18017274E-04
2.12556070E-01  2.96713002E-02  4.97705420E-04
2.13825061E-01  2.94294842E-02  5.06868120E-04
2.15094053E-01  2.85142772E-02  4.97870788E-04
2.16363044E-01  2.88416278E-02  5.01755218E-04
2.17632036E-01  2.79947016E-02  4.82729753E-04
2.18901027E-01  2.62182597E-02  4.70026396E-04
2.20170019E-01  2.46544275E-02  4.55332134E-04
2.21439010E-01  2.58006565E-02  4.67058679E-04
2.22708002E-01  2.54567415E-02  4.54703491E-04
2.23976993E-01  2.51169074E-02  4.54835681E-04
2.25245985E-01  2.48851646E-02  4.49819316E-04
2.26514976E-01  2.41749752E-02  4.46274760E-04
2.27783968E-01  2.37425454E-02  4.36324044E-04
2.29052959E-01  2.38651764E-02  4.34861839E-04
2.30321950E-01  2.35292222E-02  4.27479594E-04
2.31590942E-01  2.24293713E-02  4.30042361E-04
2.32859933E-01  2.36022696E-02  4.31859837E-04
2.34128925E-01  2.25626417E-02  4.20218188E-04
2.35397916E-01  2.31683552E-02  4.16272844E-04
2.36666908E-01  2.28433479E-02  4.22590558E-04
2.37935899E-01  2.27017347E-02  4.23356454E-04
2.39204891E-01  2.18261667E-02  4.01088473E-04
2.40473882E-01  2.15635840E-02  4.09406581E-04
2.41742874E-01  2.16105264E-02  4.03058482E-04
2.43011865E-01  2.20802911E-02  4.08572028E-04
2.44280857E-01  2.14939136E-02  4.03771206E-04
2.45549848E-01  2.18574777E-02  3.96217627E-04
2.46818839E-01  2.21886933E-02  4.07607382E-04
2.48087831E-01  2.11215448E-02  3.92537244E-04
2.49356822E-01  2.12184042E-02  3.97389202E-04
2.50625814E-01  2.11830866E-02  3.85979190E-04
2.51894805E-01  2.10371315E-02  3.88403481E-04
2.53163797E-01  2.08054539E-02  3.92789021E-04
2.54432788E-01  2.12496947E-02  3.86968226E-04
2.55701780E-01  2.11334229E-02  3.85878200E-04
2.56970771E-01  2.13316828E-02  3.83802602E-04
2.58239763E-01  2.09963769E-02  3.86726868E-04
2.59508754E-01  2.12764144E-02  3.88230430E-04
2.60777746E-01  2.12686956E-02  3.76291136E-04
2.62046737E-01  2.13615522E-02  3.90364876E-04
2.63315728E-01  2.09784359E-02  3.74862953E-04
2.64584720E-01  2.03071199E-02  3.77748918E-04
2.65853711E-01  2.07151510E-02  3.77992052E-04
2.67122703E-01  2.09318995E-02  3.65327607E-04
2.68391694E-01  2.03162655E-02  3.71752772E-04
2.69660686E-01  2.04150453E-02  3.69614019E-04
2.70929677E-01  2.05611046E-02  3.74918192E-04
2.72198669E-01  2.08524764E-02  3.69566318E-04
2.73467660E-01  2.06033345E-02  3.66518274E-04
2.74736652E-01  2.06673928E-02  3.76071548E-04
2.76005643E-01  2.13959105E-02  3.66175227E-04
2.77274635E-01  2.06790231E-02  3.65072599E-04
2.78543626E-01  2.03502085E-02  3.62135295E-04
2.79812618E-01  2.05353424E-02  3.60924023E-04
2.81081609E-01  2.12134141E-02  3.73516174E-04
2.82350600E-01  2.04563923E-02  3.55479773E-04
2.83619592E-01  2.06121244E-02  3.60180362E-04
2.84888583E-01  2.08873600E-02  3.60159669E-04
2.86157575E-01  2.06650421E-02  3.60414851E-04
2.87426566E-01  2.06520520E-02  3.61332641E-04
2.88695558E-01  2.05072220E-02  3.53428273E-04
2.89964549E-01  2.00847406E-02  3.54644813E-04
2.91233541E-01  2.03329418E-02  3.50300572E-04
2.92502532E-01  2.07555126E-02  3.55371332E-04
2.93771524E-01  2.09327396E-02  3.59105034E-04
2.95040515E-01  2.12527905E-02  3.63488478E-04
2.96309507E-01  2.07093861E-02  3.67662986E-04
2.97578498E-01  2.13300567E-02  3.65330518E-04
2.98847489E-01  2.07842160E-02  3.62351275E-04
3.00116481E-01  2.06098389E-02  3.62039602E-04
3.01385472E-01  2.08498407E-02  3.64104169E-04
3.02654464E-01  2.11302545E-02  3.76430718E-04
3.03923455E-01  2.09152754E-02  3.59808939E-04
3.05192447E-01  2.13686153E-02  3.74267489E-04
3.06461438E-01  2.09979024E-02  3.67353932E-04
3.07730430E-01  2.11617909E-02  3.67728964E-04
3.08999421E-01  2.13861149E-02  3.69813264E-04
3.10268413E-01  2.12451201E-02  3.66059423E-04
3.11537404E-01  2.07689051E-02  3.71941307E-04
3.12806396E-01  2.18763705E-02  3.72078444E-04
3.14075387E-01  2.14253962E-02  3.76354554E-04
3.15344378E-01  2.13122666E-02  3.62606632E-04
3.16613370E-01  2.15742402E-02  3.74792056E-04
3.17882361E-01  2.14506928E-02  3.72716313E-04
3.19151353E-01  2.10371073E-02  3.62862891E-04
3.20420344E-01  2.10982189E-02  3.68853827E-04
3.21689336E-01  2.11293045E-02  3.72688810E-04
3.22958327E-01  2.09755246E-02  3.73834773E-04
3.24227319E-01  2.15853509E-02  3.79320350E-04
3.25496310E-01  2.11057421E-02  3.73033603E-04
3.26765302E-01  2.16096286E-02  3.82854225E-04
3.28034293E-01  2.19083410E-02  3.81980441E-04
3.29303285E-01  2.15607230E-02  3.84020706E-04
3.30572276E-01  2.06227079E-02  3.73420800E-04
3.31841267E-01  2.17494052E-02  3.80201876E-04
3.33110259E-01  2.13465933E-02  3.88958491E-04
3.34379250E-01  2.14447621E-02  3.78307916E-04
3.35648242E-01  2.15858985E-02  3.92562186E-04
3.36917233E-01  2.12127008E-02  3.79224890E-04
3.38186225E-01  2.12338809E-02  3.82119673E-04
3.39455216E-01  2.15465687E-02  3.90292000E-04
3.40724208E-01  2.16219388E-02  3.84031679E-04
3.41993199E-01  2.13660132E-02  3.85984255E-04
3.43262191E-01  2.14465726E-02  3.84350133E-04
3.44531182E-01  2.15705466E-02  3.90276924E-04
3.45800174E-01  2.12701857E-02  3.88181390E-04
3.47069165E-01  2.13606805E-02  3.79999314E-04
3.48338156E-01  2.08869316E-02  3.84136889E-04
3.49607148E-01  2.09164843E-02  3.77190445E-04
3.50876139E-01  2.13021263E-02  3.87200969E-04
3.52145131E-01  2.11434923E-02  3.80592013E-04
3.53414122E-01  2.09335554E-02  3.78819386E-04
3.54683114E-01  2.18005441E-02  3.86194821E-04
3.55952105E-01  2.04460807E-02  3.76469223E-04
3.57221097E-01  2.15078015E-02  3.86169268E-04
3.58490088E-01  2.17556451E-02  3.85165418E-04
3.59759080E-01  2.09649298E-02  3.82013241E-04
3.61028071E-01  2.15644706E-02  3.85630876E-04
3.62297063E-01  2.11794097E-02  3.84540152E-04
3.63566054E-01  2.09718458E-02  3.86888569E-04
3.64835046E-01  2.13787630E-02  3.83184204E-04
3.66104037E-01  2.10774634E-02  3.89142078E-04
3.67373028E-01  2.13726703E-02  3.81406513E-04
3.68642020E-01  2.14026328E-02  3.89269873E-04
3.69911011E-01  2.13270765E-02  3.86328495E-04
3.71180003E-01  2.10852269E-02  3.86491622E-04
3.72448994E-01  2.07930747E-02  3.92391084E-04
3.73717986E-01  2.16386784E-02  3.85377236E-04
3.74986977E-01  2.14761868E-02  3.93545983E-04
3.76255969E-01  2.14598235E-02  3.88483808E-04
3.77524960E-01  2.15046015E-02  3.91722948E-04
3.78793952E-01  2.11607236E-02  3.91239068E-04
3.80062943E-01  2.18612459E-02  3.88109911E-04
3.81331935E-01  2.17098854E-02  3.98215634E-04
3.82600926E-01  2.03583166E-02  3.86506959E-04
3.83869917E-01  2.13057175E-02  4.00377117E-04
3.85138909E-01  2.09643282E-02  4.04815102E-04
3.86407900E-01  2.14427095E-02  4.03320621E-04
3.87676892E-01  2.14451328E-02  4.24704078E-04
3.88945883E-01  2.15849169E-02  4.11218702E-04
3.90214875E-01  2.16877218E-02  4.18133568E-04
3.91483866E-01  2.05705930E-02  4.14486800E-04
3.92752858E-01  2.11584717E-02  4.18159965E-04
3.94021849E-01  2.21841689E-02  4.33308684E-04
3.95290841E-01  2.18104087E-02  4.26672341E-04
3.96559832E-01  2.16442943E-02  4.33218636E-04
3.97828824E-01  2.21965034E-02  4.43844707E-04
3.99097815E-01  2.04441883E-02  4.37248382E-04
4.00366806E-01  2.13947613E-02  4.51749918E-04
4.01635798E-01  2.10768376E-02  4.62817290E-04
4.02904789E-01  2.13539079E-02  4.76772198E-04
4.04173781E-01  2.09515188E-02  4.59505682E-04
4.05442772E-01  2.15958655E-02  4.81709576E-04
4.06711764E-01  2.11934168E-02  4.76544723E-04
4.07980755E-01  2.12377738E-02  4.93983738E-04
4.09249747E-01  2.12639757E-02  5.01475064E-04
4.10518738E-01  2.13255994E-02  4.93788975E-04
4.11787730E-01  2.17534043E-02  5.19449648E-04
4.13056721E-01  2.16460098E-02  5.09901438E-04
4.14325713E-01  2.06809770E-02  5.13741921E-04
4.15594704E-01  2.06393655E-02  5.11753489E-04
4.16863695E-01  2.18179133E-02  5.39194036E-04
4.18132687E-01  2.13826299E-02  5.48117911E-04
4.19401678E-01  2.12179217E-02  5.27483178E-04
4.20670670E-01  2.16671657E-02  5.56415354E-04
4.21939661E-01  2.12635957E-02  5.50563971E-04
4.23208653E-01  2.15165280E-02  5.67088951E-04
4.24477644E-01  2.10248884E-02  5.59555192E-04
4.25746636E-01  2.17394549E-02  5.69815456E-04
4.27015627E-01  2.22639311E-02  5.98080107E-04
4.28284619E-01  2.13380586E-02  5.82386740E-04
4.29553610E-01  2.12146528E-02  5.99865278E-04
4.30822602E-01  2.09647454E-02  5.85294794E-04
4.32091593E-01  2.19729990E-02  6.20586972E-04
4.33360584E-01  2.12270394E-02  6.12552336E-04
4.34629576E-01  2.23185401E-02  6.33649412E-04
4.35898567E-01  2.12443210E-02  6.31317205E-04
4.37167559E-01  2.15638578E-02  6.26747264E-04
4.38436550E-01  2.23262161E-02  6.91404974E-04
4.39705542E-01  2.07101479E-02  6.33031246E-04
4.40974533E-01  2.18032561E-02  6.67645363E-04
4.42243525E-01  2.22875364E-02  7.01769430E-04
4.43512516E-01  2.29552407E-02  6.77767210E-04
4.44781508E-01  2.07912549E-02  6.97359850E-04
4.46050499E-01  2.06426531E-02  6.78893120E-04
4.47319491E-01  2.17015594E-02  7.20265263E-04
4.48588482E-01  2.20731664E-02  7.45207130E-04
4.49857473E-01  2.08966210E-02  7.14778376E-04
4.51126465E-01  2.09555067E-02  7.42784934E-04
4.52395456E-01  2.05451604E-02  7.43466255E-04
4.53664448E-01  2.11058836E-02  7.63284857E-04
4.54933439E-01  2.15747356E-02  7.79249298E-04
4.56202431E-01  2.18349695E-02  8.22757254E-04
4.57471422E-01  2.21277028E-02  8.16007378E-04
4.58740414E-01  2.23956089E-02  8.38587701E-04
4.60009405E-01  2.25926191E-02  8.63069901E-04
4.61278397E-01  2.18208469E-02  8.64344591E-04
4.62547388E-01  2.07175035E-02  8.59159511E-04
4.63816380E-01  2.24574711E-02  9.30598238E-04
4.65085371E-01  2.18949690E-02  9.18426667E-04
4.66354363E-01  2.08002925E-02  9.25390515E-04
4.67623354E-01  2.22490430E-02  9.70858207E-04
4.68892345E-01  2.13015322E-02  9.67968022E-04
4.70161337E-01  2.13472564E-02  1.02901272E-03
4.71430328E-01  2.00409442E-02  9.82317375E-04
4.72699320E-01  2.32851133E-02  1.12025836E-03
4.73968311E-01  2.26009283E-02  1.13402936E-03
4.75237303E-01  2.10423395E-02  1.12714386E-03
4.76506294E-01  2.18034554E-02  1.17518136E-03
4.77775286E-01  2.07210798E-02  1.21166441E-03
4.79044277E-01  2.19649393E-02  1.28285610E-03
4.80313269E-01  2.02352833E-02  1.27865456E-03
4.81582260E-01  2.14156993E-02  1.39090756E-03
4.82851252E-01  2.00776346E-02  1.34649943E-03
4.84120243E-01  2.24811770E-02  1.54374889E-03
4.85389234E-01  2.25400794E-02  1.57410372E-03
4.86658226E-01  2.08255351E-02  1.56956317E-03
4.87927217E-01  2.33470742E-02  1.75462989E-03
4.89196209E-01  2.07903273E-02  1.82921148E-03
4.90465200E-01  2.22867392E-02  1.91768387E-03
4.91734192E-01  2.15659197E-02  2.11248640E-03
4.93003183E-01  2.15857420E-02  2.28794292E-03
4.94272175E-01  2.00524479E-02  2.37463182E-03
4.95541166E-01  1.86820179E-02  2.45271670E-03
4.96810158E-01  2.59095263E-02  3.07459850E-03
4.98079149E-01  2.11133193E-02  3.07902577E-03
4.99348141E-01  2.28230208E-02  3.26043158E-03
5.00617132E-01  2.25383583E-02  3.75502068E-03
5.01886123E-01  1.58391558E-02  3.10631422E-03
5.03155115E-01  2.37608273E-02  4.57277335E-03
5.04424106E-01  2.07925327E-02  4.64407727E-03
5.05693098E-01  2.37649418E-02  6.13608165E-03
5.06962089E-01  1.78252347E-02  5.94174536E-03
5.08231081E-01  7.92303216E-03  7.92303216E-03
5.09500072E-01  0.00000000E+00  0.00000000E+00
5.10769064E-01  0.00000000E+00  0.00000000E+00
5.12038055E-01  0.00000000E+00  0.00000000E+00
5.13307047E-01  0.00000000E+00  0.00000000E+00


### HEADER:
#
#{
#    "analysis": {
#        "uvvis": {
#            "UVDarkTransmission": 1.0,
#            "UVPathlength": 1.5,
#            "UVTransmission": 1.0
#        }
#    },
#    "calibration_params": {
#        "Beam_Center_X": 316.5,
#        "Beam_Center_Y": 253.5,
#        "Detector Tilt": 0.0,
#        "Detector Tilt Plane Rotation": 0.0,
#        "Detector_X_Pixel_Size": 172.0,
#        "Detector_Y_Pixel_Size": 172.0,
#        "Integration Method": "nosplit_csr",
#        "Radial_Average_Method": "pyFAI",
#        "Sample-to-detector distance (mm)": 632.5,
#        "Wavelength (A)": 1.3403697127913543
#    },
#    "config_file": null,
#    "counters": {},
#    "filename": "11802_A1_Phosphate_007_c.tiff",
#    "history": {},
#    "imageHeader": {
#        "AFTER": 162764860.0,
#        "BEFORE": 162764860.0,
#        "IC": 162764860.0,
#        "Img.ImgType": "2D",
#        "Img.Site": "TUM",
#        "Meas.Description": "Phosphate",
#        "aquire_timestamp": "Wed Mar 01 11:53:36 2023",
#        "beam_x": 316.33,
#        "beam_y": 231.94,
#        "beamcenter_actual": "316.33    231.94",
#        "beamcenter_nominal": "316.33    231.94",
#        "bstop": 32.0,
#        "calibrationtype": "geom",
#        "configuraton_number": 2.0,
#        "data_added_constant": 0.0,
#        "data_multiplied_constant": 1.0,
#        "dataset_comments": "Phosphate",
#        "datatype": "tiff",
#        "det_count_cutoff": 1147717.0,
#        "det_excluded_pixels": "badpix_mask.tif",
#        "det_exposure_period": 62.0,
#        "det_exposure_time": 60.0,
#        "det_flat_field": "(nil)",
#        "det_n_excluded_pixels": 30.0,
#        "det_pixel_size": "172e-6 172e-6",
#        "det_tau": 0.0,
#        "det_thickness": 0.00045,
#        "det_threshold_setting": 4024.0,
#        "det_trim_directory": "p3-0242_E8048_T4024.bin",
#        "detector_dist": 650.0,
#        "detector_function": "saxs",
#        "detector_sn": "dec1174",
#        "detectortype": "Pilatus",
#        "detx": 525.0,
#        "dety": 1.371563,
#        "detz": 0.0,
#        "dxdont": 525.0,
#        "error_norm_fact": 1.0,
#        "exposure_time": 60.0,
#        "flatfield_applied": 0.0,
#        "hg1": 2.5,
#        "hg2": 1.05,
#        "hg3": 0.0,
#        "hp1": 0.0,
#        "hp2": 0.0,
#        "hp3": 0.0,
#        "integration_time": 60.0,
#        "livetime": 60.0,
#        "log": "log",
#        "pd": 0.0,
#        "photons_per_100adu": 100.0,
#        "pixelsize": "0.172 0.172",
#        "pixelsize_x": 172.0,
#        "pixelsize_y": 172.0,
#        "reduction_type": "s",
#        "sample_ID": "p 8 10",
#        "sample_angle1": 0.0,
#        "sample_bio_cell_temp": 25.0,
#        "sample_bio_code": "None",
#        "sample_bio_run_number": 1.0,
#        "sample_bio_sample": "p 8 10",
#        "sample_bio_uv_dark": 1.0,
#        "sample_bio_uv_pathlength": 1.5,
#        "sample_bio_uv_trans": 1.0,
#        "sample_concentration": 1.0,
#        "sample_transfact": 1.0,
#        "sample_ypos": 2.5,
#        "sample_zpos": 68.9,
#        "saturated_value": 1147717.0,
#        "saxsconf_Ieff": 1.0,
#        "saxsconf_Imon": 162764860.0,
#        "saxsconf_Itrans": 162764860.0,
#        "saxsconf_Izero": 162764860.0,
#        "saxsconf_det_offx": 0.0,
#        "saxsconf_det_offy": 0.0,
#        "saxsconf_det_pixsizey": 0.172,
#        "saxsconf_det_pixsizez": 0.172,
#        "saxsconf_det_rotx": 0.0,
#        "saxsconf_det_roty": 0.0,
#        "saxsconf_dwavelength": 0.004,
#        "saxsconf_l1": 725.0,
#        "saxsconf_l2": 400.0,
#        "saxsconf_l3": 200.0,
#        "saxsconf_r1": 1.25,
#        "saxsconf_r2": 0.525,
#        "saxsconf_r3": 0.0,
#        "saxsconf_wavelength": 1.3428,
#        "solz": 0.0,
#        "source_kV": 0.0,
#        "source_ma": 0.0,
#        "source_type": "EXCILLUMMETALJET",
#        "start_timestamp": "Wed Mar 01 11:53:36 2023",
#        "thsam": 0.0,
#        "vg1": 2.5,
#        "vg2": 1.05,
#        "vg3": 0.0,
#        "vp1": 0.0,
#        "vp2": 0.0,
#        "vp3": 0.0,
#        "wavelength": 1.3428,
#        "xaxisbintype": "lin",
#        "zinger_removal": 0.0,
#        "zsam": 68.9
#    },
#    "load_path": "/home/saxslab/BIODATA/Users/Course_010323/P3/11802_A1_Phosphate_007_c.tiff",
#    "normalizations": {
#        "Absolute_scale": {
#            "Absolute_scale_factor": 0.7601938,
#            "Method": "Water"
#        },
#        "Counter_norms": [
#            [
#                "/",
#                "exposure_time"
#            ],
#            [
#                "/",
#                "saxsconf_Izero/1e8"
#            ]
#        ],
#        "Polarization": {
#            "Used": false
#        },
#        "Solid_Angle_Correction": "On"
#    },
#    "raw_version": "2.1.4"
#}

