### DATA:
#
# 393
#      Q             I(Q)           Error     
1.58623933E-02  8.11764896E-01  8.90009571E-03
1.71313847E-02  4.15860176E-01  5.94025338E-03
1.84003762E-02  2.58410186E-01  4.78783716E-03
1.96693677E-02  1.81581125E-01  3.84261017E-03
2.09383591E-02  1.47389531E-01  3.53644369E-03
2.22073506E-02  1.12738855E-01  2.70816009E-03
2.34763421E-02  1.01415195E-01  2.65871338E-03
2.47453335E-02  8.67179036E-02  2.37516430E-03
2.60143250E-02  7.82433972E-02  2.15113536E-03
2.72833164E-02  6.94790259E-02  2.12602364E-03
2.85523079E-02  6.44050315E-02  1.77269022E-03
2.98212994E-02  5.97771071E-02  1.82573393E-03
3.10902908E-02  5.50067872E-02  1.68082130E-03
3.23592823E-02  5.34149036E-02  1.65632588E-03
3.36282738E-02  4.94758338E-02  1.55372499E-03
3.48972652E-02  4.94989753E-02  1.43430056E-03
3.61662567E-02  4.71521169E-02  1.44622056E-03
3.74352481E-02  4.23868373E-02  1.34173117E-03
3.87042396E-02  4.14206572E-02  1.34034106E-03
3.99732311E-02  4.00893949E-02  1.25157135E-03
4.12422225E-02  4.11751755E-02  1.24374114E-03
4.25112140E-02  3.61274369E-02  1.17647054E-03
4.37802055E-02  3.63977253E-02  1.14983378E-03
4.50491969E-02  3.78438048E-02  1.17123150E-03
4.63181884E-02  3.64456549E-02  1.10900169E-03
4.75871798E-02  3.35124619E-02  1.05397403E-03
4.88561713E-02  3.53868008E-02  1.13269850E-03
5.01251628E-02  3.43651511E-02  1.00899406E-03
5.13941542E-02  3.34446914E-02  9.89236054E-04
5.26631457E-02  3.12613733E-02  9.79294884E-04
5.39321372E-02  3.15564834E-02  9.67422209E-04
5.52011286E-02  3.05914488E-02  9.91982175E-04
5.64701201E-02  3.07180602E-02  8.90090421E-04
5.77391115E-02  3.03677022E-02  9.37160861E-04
5.90081030E-02  3.03250905E-02  9.15158831E-04
6.02770945E-02  2.98130196E-02  9.06715577E-04
6.15460859E-02  2.93073319E-02  8.82029533E-04
6.28150774E-02  2.86305826E-02  8.36300664E-04
6.40840689E-02  2.89676227E-02  8.93077930E-04
6.53530603E-02  2.83661056E-02  8.30325997E-04
6.66220518E-02  2.73426548E-02  8.33496160E-04
6.78910432E-02  2.77208611E-02  7.80266593E-04
6.91600347E-02  2.71929596E-02  7.93941901E-04
7.04290262E-02  2.74025071E-02  8.12253274E-04
7.16980176E-02  2.75700241E-02  7.76668370E-04
7.29670091E-02  2.59801932E-02  7.51179061E-04
7.42360006E-02  2.66106203E-02  7.56239402E-04
7.55049920E-02  2.55074780E-02  7.40301039E-04
7.67739835E-02  2.54901610E-02  7.51943793E-04
7.80429750E-02  2.49597225E-02  6.95686496E-04
7.93119664E-02  2.54625250E-02  7.24482583E-04
8.05809579E-02  2.47567501E-02  7.01244164E-04
8.18499493E-02  2.46127341E-02  7.01162731E-04
8.31189408E-02  2.19757762E-02  6.82606536E-04
8.43879323E-02  2.27430928E-02  6.47310866E-04
8.56569237E-02  2.38245316E-02  6.57196564E-04
8.69259152E-02  2.29968987E-02  6.49095513E-04
8.81949067E-02  2.22921446E-02  6.41507329E-04
8.94638981E-02  2.26132702E-02  6.53791125E-04
9.07328896E-02  2.17361450E-02  6.15914119E-04
9.20018810E-02  2.29615085E-02  6.38929079E-04
9.32708725E-02  2.40663998E-02  6.45928725E-04
9.45398640E-02  2.13653892E-02  6.00019703E-04
9.58088554E-02  2.15137154E-02  6.03074674E-04
9.70778469E-02  2.24093664E-02  6.05086738E-04
9.83468384E-02  2.25681402E-02  6.24394626E-04
9.96158298E-02  2.21481659E-02  5.91609743E-04
1.00884821E-01  2.29390245E-02  6.00686937E-04
1.02153813E-01  2.17065718E-02  5.96813974E-04
1.03422804E-01  2.10206863E-02  5.67690702E-04
1.04691796E-01  2.19954979E-02  6.00473897E-04
1.05960787E-01  2.20666211E-02  5.72337420E-04
1.07229779E-01  2.16778368E-02  5.73952100E-04
1.08498770E-01  2.12074853E-02  5.63380076E-04
1.09767762E-01  2.19658297E-02  5.70882927E-04
1.11036753E-01  2.13489570E-02  5.73965721E-04
1.12305744E-01  2.10369769E-02  5.40598354E-04
1.13574736E-01  2.17462573E-02  5.87181828E-04
1.14843727E-01  2.11149678E-02  5.65111986E-04
1.16112719E-01  2.11813543E-02  5.80772117E-04
1.17381710E-01  2.07099393E-02  5.79118612E-04
1.18650702E-01  2.04583239E-02  5.54648112E-04
1.19919693E-01  2.05908995E-02  5.57400752E-04
1.21188685E-01  2.13866755E-02  5.73744881E-04
1.22457676E-01  1.90897100E-02  5.45173360E-04
1.23726668E-01  2.00615320E-02  5.59064792E-04
1.24995659E-01  2.00441480E-02  5.52023470E-04
1.26264651E-01  2.16811337E-02  5.93885779E-04
1.27533642E-01  2.10437644E-02  5.81473520E-04
1.28802633E-01  1.99045446E-02  5.70391363E-04
1.30071625E-01  2.10410915E-02  6.00013242E-04
1.31340616E-01  2.13922542E-02  6.06958230E-04
1.32609608E-01  2.06729937E-02  6.09597017E-04
1.33878599E-01  1.98572055E-02  5.70119708E-04
1.35147591E-01  2.15453766E-02  6.14666147E-04
1.36416582E-01  2.03604195E-02  6.04374975E-04
1.37685574E-01  2.16694362E-02  6.22012012E-04
1.38954565E-01  2.09120046E-02  6.28131616E-04
1.40223557E-01  2.06884816E-02  5.86323324E-04
1.41492548E-01  2.14965343E-02  6.33056858E-04
1.42761540E-01  2.12048255E-02  6.29786577E-04
1.44030531E-01  2.04576608E-02  6.15640543E-04
1.45299522E-01  2.00046729E-02  6.16760808E-04
1.46568514E-01  2.06757430E-02  6.02486485E-04
1.47837505E-01  2.02609580E-02  6.00322441E-04
1.49106497E-01  2.12685950E-02  6.06205605E-04
1.50375488E-01  2.05042828E-02  5.92201017E-04
1.51644480E-01  2.11961083E-02  5.94574900E-04
1.52913471E-01  2.06115488E-02  5.73029276E-04
1.54182463E-01  2.12183464E-02  5.79960644E-04
1.55451454E-01  2.07900591E-02  5.69487340E-04
1.56720446E-01  2.17641108E-02  5.80078049E-04
1.57989437E-01  2.00230591E-02  5.66517876E-04
1.59258429E-01  2.06786171E-02  5.71949990E-04
1.60527420E-01  2.06755772E-02  5.60067303E-04
1.61796411E-01  2.05214899E-02  5.27300755E-04
1.63065403E-01  2.10747235E-02  5.38834487E-04
1.64334394E-01  1.96584072E-02  5.19973808E-04
1.65603386E-01  2.09169053E-02  5.29951474E-04
1.66872377E-01  1.98330134E-02  5.22736227E-04
1.68141369E-01  2.05309726E-02  4.95165354E-04
1.69410360E-01  2.06272025E-02  5.12536091E-04
1.70679352E-01  1.95913631E-02  4.98047564E-04
1.71948343E-01  1.94608029E-02  4.86564299E-04
1.73217335E-01  2.07277704E-02  5.05044591E-04
1.74486326E-01  1.98709164E-02  4.78953734E-04
1.75755318E-01  2.12147664E-02  5.04087948E-04
1.77024309E-01  2.07458455E-02  4.95878106E-04
1.78293300E-01  2.06528362E-02  4.75240318E-04
1.79562292E-01  2.06810292E-02  4.84907883E-04
1.80831283E-01  2.04321332E-02  4.75752720E-04
1.82100275E-01  2.00957488E-02  4.71823761E-04
1.83369266E-01  2.07650457E-02  4.84865712E-04
1.84638258E-01  1.99523140E-02  4.61684773E-04
1.85907249E-01  1.98982712E-02  4.64301556E-04
1.87176241E-01  2.02418920E-02  4.63318982E-04
1.88445232E-01  1.95013788E-02  4.55914764E-04
1.89714224E-01  2.02140901E-02  4.55729576E-04
1.90983215E-01  2.04166863E-02  4.64651966E-04
1.92252207E-01  2.04344746E-02  4.55075322E-04
1.93521198E-01  2.07665283E-02  4.61669959E-04
1.94790190E-01  2.02760436E-02  4.41531971E-04
1.96059181E-01  1.98553745E-02  4.43551282E-04
1.97328172E-01  2.09076963E-02  4.56621696E-04
1.98597164E-01  1.93540622E-02  4.41005948E-04
1.99866155E-01  1.97985657E-02  4.42670018E-04
2.01135147E-01  2.04220321E-02  4.37674462E-04
2.02404138E-01  2.01461464E-02  4.32832225E-04
2.03673130E-01  2.08787657E-02  4.41918673E-04
2.04942121E-01  2.05455739E-02  4.45967453E-04
2.06211113E-01  2.01773271E-02  4.29712469E-04
2.07480104E-01  1.98369827E-02  4.23805555E-04
2.08749096E-01  2.00915094E-02  4.32371860E-04
2.10018087E-01  2.02764608E-02  4.33952722E-04
2.11287079E-01  1.98597647E-02  4.20607859E-04
2.12556070E-01  2.06421912E-02  4.20983386E-04
2.13825061E-01  2.02118196E-02  4.25358536E-04
2.15094053E-01  2.08421182E-02  4.30172629E-04
2.16363044E-01  1.99435633E-02  4.22980171E-04
2.17632036E-01  2.10472494E-02  4.24239144E-04
2.18901027E-01  2.03727856E-02  4.18392563E-04
2.20170019E-01  2.00532470E-02  4.14090144E-04
2.21439010E-01  2.01584641E-02  4.16638039E-04
2.22708002E-01  2.04118434E-02  4.10739623E-04
2.23976993E-01  2.10268069E-02  4.18999960E-04
2.25245985E-01  1.99935194E-02  4.07316315E-04
2.26514976E-01  1.98860411E-02  4.09061904E-04
2.27783968E-01  2.04298776E-02  4.07219457E-04
2.29052959E-01  2.02502534E-02  4.03777580E-04
2.30321950E-01  1.99705083E-02  3.97039752E-04
2.31590942E-01  2.08822656E-02  4.16816300E-04
2.32859933E-01  2.05693636E-02  4.05674160E-04
2.34128925E-01  2.02927794E-02  3.99952463E-04
2.35397916E-01  2.09054556E-02  3.98979377E-04
2.36666908E-01  2.02139392E-02  3.99757555E-04
2.37935899E-01  1.96067132E-02  3.96134768E-04
2.39204891E-01  1.98238138E-02  3.84351617E-04
2.40473882E-01  1.96310524E-02  3.93811089E-04
2.41742874E-01  1.99350771E-02  3.90829053E-04
2.43011865E-01  1.96685698E-02  3.87211825E-04
2.44280857E-01  2.01074630E-02  3.91002715E-04
2.45549848E-01  2.02528853E-02  3.83807084E-04
2.46818839E-01  2.02146824E-02  3.91187903E-04
2.48087831E-01  2.03717109E-02  3.87802254E-04
2.49356822E-01  1.94895845E-02  3.82536033E-04
2.50625814E-01  2.08786540E-02  3.83883482E-04
2.51894805E-01  1.96003933E-02  3.77471326E-04
2.53163797E-01  2.00803839E-02  3.87154781E-04
2.54432788E-01  2.05977578E-02  3.81855760E-04
2.55701780E-01  2.05364414E-02  3.81622260E-04
2.56970771E-01  2.00694855E-02  3.72626702E-04
2.58239763E-01  2.02396140E-02  3.81432299E-04
2.59508754E-01  2.06553992E-02  3.83703620E-04
2.60777746E-01  2.04612128E-02  3.70124937E-04
2.62046737E-01  2.02679131E-02  3.81020334E-04
2.63315728E-01  2.00738870E-02  3.67888773E-04
2.64584720E-01  2.02479232E-02  3.79068719E-04
2.65853711E-01  2.02895105E-02  3.74922005E-04
2.67122703E-01  2.04228945E-02  3.62510036E-04
2.68391694E-01  1.98106784E-02  3.68245208E-04
2.69660686E-01  1.93065740E-02  3.60735430E-04
2.70929677E-01  2.05128305E-02  3.74503434E-04
2.72198669E-01  1.96852721E-02  3.62232648E-04
2.73467660E-01  1.98579803E-02  3.61642044E-04
2.74736652E-01  1.95229240E-02  3.66992317E-04
2.76005643E-01  1.97829530E-02  3.54189193E-04
2.77274635E-01  2.01591533E-02  3.61160230E-04
2.78543626E-01  2.03511212E-02  3.62393941E-04
2.79812618E-01  2.01286189E-02  3.58319085E-04
2.81081609E-01  1.99955888E-02  3.65113403E-04
2.82350600E-01  1.97487846E-02  3.50265764E-04
2.83619592E-01  1.92350149E-02  3.49721551E-04
2.84888583E-01  1.94846187E-02  3.49109381E-04
2.86157575E-01  1.96251106E-02  3.53283394E-04
2.87426566E-01  1.92132220E-02  3.50803253E-04
2.88695558E-01  1.94073282E-02  3.45256674E-04
2.89964549E-01  1.99337769E-02  3.54755437E-04
2.91233541E-01  1.95818059E-02  3.45743727E-04
2.92502532E-01  2.02991739E-02  3.51823546E-04
2.93771524E-01  2.02919394E-02  3.54618387E-04
2.95040515E-01  1.99340675E-02  3.54945718E-04
2.96309507E-01  2.05900446E-02  3.66118940E-04
2.97578498E-01  2.01582219E-02  3.56960605E-04
2.98847489E-01  1.98173542E-02  3.55141150E-04
3.00116481E-01  2.00855359E-02  3.58271005E-04
3.01385472E-01  2.04362851E-02  3.61730723E-04
3.02654464E-01  2.02779733E-02  3.69075889E-04
3.03923455E-01  2.03957912E-02  3.55603290E-04
3.05192447E-01  2.00352650E-02  3.64621694E-04
3.06461438E-01  2.00714394E-02  3.60713922E-04
3.07730430E-01  2.08292454E-02  3.65227752E-04
3.08999421E-01  1.97465029E-02  3.56299657E-04
3.10268413E-01  2.02145018E-02  3.58300604E-04
3.11537404E-01  2.04066914E-02  3.68524430E-04
3.12806396E-01  2.00900286E-02  3.57763463E-04
3.14075387E-01  2.03597117E-02  3.68089852E-04
3.15344378E-01  2.03182884E-02  3.55722383E-04
3.16613370E-01  2.04281379E-02  3.66610329E-04
3.17882361E-01  1.95432529E-02  3.57449666E-04
3.19151353E-01  2.00253762E-02  3.56030272E-04
3.20420344E-01  2.02342868E-02  3.61968065E-04
3.21689336E-01  2.02064961E-02  3.65485961E-04
3.22958327E-01  2.04687603E-02  3.70347407E-04
3.24227319E-01  2.00071484E-02  3.67633591E-04
3.25496310E-01  1.97734386E-02  3.63103405E-04
3.26765302E-01  1.99109167E-02  3.69538844E-04
3.28034293E-01  1.99374761E-02  3.66298540E-04
3.29303285E-01  2.06195954E-02  3.76314361E-04
3.30572276E-01  2.04181336E-02  3.72278912E-04
3.31841267E-01  2.02211440E-02  3.67443048E-04
3.33110259E-01  1.94043051E-02  3.73069081E-04
3.34379250E-01  1.99769400E-02  3.68094246E-04
3.35648242E-01  2.01423615E-02  3.81093880E-04
3.36917233E-01  1.99196506E-02  3.68667912E-04
3.38186225E-01  2.04528105E-02  3.75923613E-04
3.39455216E-01  1.99211650E-02  3.75456555E-04
3.40724208E-01  1.98612809E-02  3.69539106E-04
3.41993199E-01  1.97710451E-02  3.74337862E-04
3.43262191E-01  2.01631598E-02  3.74999392E-04
3.44531182E-01  2.03799885E-02  3.81733291E-04
3.45800174E-01  2.04336010E-02  3.81378690E-04
3.47069165E-01  2.01965962E-02  3.71291768E-04
3.48338156E-01  1.97405089E-02  3.75698583E-04
3.49607148E-01  2.08361614E-02  3.77147953E-04
3.50876139E-01  2.00527757E-02  3.76871903E-04
3.52145131E-01  2.11499203E-02  3.81201738E-04
3.53414122E-01  2.03883015E-02  3.75472271E-04
3.54683114E-01  2.03117747E-02  3.74213501E-04
3.55952105E-01  2.06467137E-02  3.79365898E-04
3.57221097E-01  2.02665068E-02  3.75992851E-04
3.58490088E-01  2.02168450E-02  3.73448274E-04
3.59759080E-01  2.03430783E-02  3.77789111E-04
3.61028071E-01  2.00746544E-02  3.73566290E-04
3.62297063E-01  1.98627543E-02  3.73957679E-04
3.63566054E-01  2.03024540E-02  3.83273000E-04
3.64835046E-01  2.04764009E-02  3.75738542E-04
3.66104037E-01  2.05815267E-02  3.85461433E-04
3.67373028E-01  1.96965057E-02  3.68093519E-04
3.68642020E-01  1.96908507E-02  3.75284639E-04
3.69911011E-01  2.02069636E-02  3.77382996E-04
3.71180003E-01  2.03638989E-02  3.80432699E-04
3.72448994E-01  2.03271229E-02  3.88145796E-04
3.73717986E-01  2.05501262E-02  3.77712044E-04
3.74986977E-01  2.07192935E-02  3.87160486E-04
3.76255969E-01  2.01816559E-02  3.78860219E-04
3.77524960E-01  2.00421363E-02  3.80519748E-04
3.78793952E-01  1.97932124E-02  3.81661113E-04
3.80062943E-01  1.98577922E-02  3.72278446E-04
3.81331935E-01  2.03712210E-02  3.89143417E-04
3.82600926E-01  1.97798144E-02  3.82159051E-04
3.83869917E-01  2.02101953E-02  3.91601759E-04
3.85138909E-01  2.02450994E-02  3.98354954E-04
3.86407900E-01  2.05892436E-02  3.96183372E-04
3.87676892E-01  2.07904316E-02  4.18135198E-04
3.88945883E-01  2.08689086E-02  4.05871542E-04
3.90214875E-01  2.06890367E-02  4.09730186E-04
3.91483866E-01  2.13127360E-02  4.21676988E-04
3.92752858E-01  2.00590175E-02  4.09269764E-04
3.94021849E-01  2.05427781E-02  4.19813616E-04
3.95290841E-01  2.05093268E-02  4.16141498E-04
3.96559832E-01  2.08714735E-02  4.27130435E-04
3.97828824E-01  2.01033168E-02  4.24421625E-04
3.99097815E-01  2.00930107E-02  4.33558773E-04
4.00366806E-01  2.03681123E-02  4.43822035E-04
4.01635798E-01  2.03057602E-02  4.54222463E-04
4.02904789E-01  1.96916815E-02  4.59995819E-04
4.04173781E-01  1.99524537E-02  4.50825668E-04
4.05442772E-01  2.00423039E-02  4.66058002E-04
4.06711764E-01  1.98534392E-02  4.64490702E-04
4.07980755E-01  2.12082546E-02  4.94621752E-04
4.09249747E-01  2.09110826E-02  4.96968394E-04
4.10518738E-01  2.11847201E-02  4.93036583E-04
4.11787730E-01  1.93654448E-02  4.95045970E-04
4.13056721E-01  1.96271297E-02  4.86428500E-04
4.14325713E-01  2.12239400E-02  5.18778164E-04
4.15594704E-01  1.98462624E-02  5.02708077E-04
4.16863695E-01  2.07364019E-02  5.26005169E-04
4.18132687E-01  2.02045459E-02  5.35709551E-04
4.19401678E-01  2.02263519E-02  5.17185254E-04
4.20670670E-01  1.98645480E-02  5.36962063E-04
4.21939661E-01  2.11277287E-02  5.51057106E-04
4.23208653E-01  2.14012600E-02  5.68506832E-04
4.24477644E-01  2.05595642E-02  5.56002837E-04
4.25746636E-01  2.07433477E-02  5.58828353E-04
4.27015627E-01  2.08154824E-02  5.83007000E-04
4.28284619E-01  2.02560555E-02  5.68736345E-04
4.29553610E-01  1.94977410E-02  5.78185951E-04
4.30822602E-01  2.05619317E-02  5.80205873E-04
4.32091593E-01  1.95945613E-02  5.89683419E-04
4.33360584E-01  1.98715180E-02  5.94563258E-04
4.34629576E-01  2.19228752E-02  6.28791575E-04
4.35898567E-01  2.07871757E-02  6.28777838E-04
4.37167559E-01  2.01643202E-02  6.09819021E-04
4.38436550E-01  2.06109006E-02  6.67300134E-04
4.39705542E-01  2.03564782E-02  6.26468740E-04
4.40974533E-01  2.00781114E-02  6.42185740E-04
4.42243525E-01  2.09456906E-02  6.80811296E-04
4.43512516E-01  2.11914126E-02  6.56621472E-04
4.44781508E-01  2.00543851E-02  6.85146835E-04
4.46050499E-01  2.08760481E-02  6.84667029E-04
4.47319491E-01  1.92958191E-02  6.81395293E-04
4.48588482E-01  2.16658190E-02  7.38675066E-04
4.49857473E-01  2.03836858E-02  7.06018996E-04
4.51126465E-01  1.96615811E-02  7.20417476E-04
4.52395456E-01  2.14946438E-02  7.60176394E-04
4.53664448E-01  2.00347211E-02  7.46261387E-04
4.54933439E-01  2.08936222E-02  7.67306483E-04
4.56202431E-01  2.02218629E-02  7.98236229E-04
4.57471422E-01  2.14221869E-02  8.06499156E-04
4.58740414E-01  2.12526154E-02  8.17888766E-04
4.60009405E-01  2.00274531E-02  8.17951222E-04
4.61278397E-01  1.98689587E-02  8.28930875E-04
4.62547388E-01  2.13668607E-02  8.74802994E-04
4.63816380E-01  2.13516951E-02  9.09293303E-04
4.65085371E-01  2.06365958E-02  8.95168807E-04
4.66354363E-01  2.03337334E-02  9.19166952E-04
4.67623354E-01  1.96430013E-02  9.21291066E-04
4.68892345E-01  1.95099767E-02  9.29718546E-04
4.70161337E-01  2.03446317E-02  1.00672909E-03
4.71430328E-01  2.04280019E-02  9.99680371E-04
4.72699320E-01  2.01376639E-02  1.05087634E-03
4.73968311E-01  2.26649959E-02  1.13724405E-03
4.75237303E-01  2.23844312E-02  1.14971353E-03
4.76506294E-01  2.09361445E-02  1.15383777E-03
4.77775286E-01  2.09848825E-02  1.20738416E-03
4.79044277E-01  2.17335094E-02  1.27597339E-03
4.80313269E-01  2.18476374E-02  1.31716183E-03
4.81582260E-01  2.22784318E-02  1.42581970E-03
4.82851252E-01  1.90014374E-02  1.31900876E-03
4.84120243E-01  2.11880375E-02  1.50168862E-03
4.85389234E-01  2.16259193E-02  1.55975041E-03
4.86658226E-01  2.17012856E-02  1.61246094E-03
4.87927217E-01  2.06817128E-02  1.67082646E-03
4.89196209E-01  2.00713053E-02  1.81449333E-03
4.90465200E-01  2.38075219E-02  1.98354688E-03
4.91734192E-01  2.40080133E-02  2.20051035E-03
4.93003183E-01  2.14064121E-02  2.30700104E-03
4.94272175E-01  2.01092921E-02  2.35178019E-03
4.95541166E-01  1.96876042E-02  2.52041151E-03
4.96810158E-01  2.02089809E-02  2.77193077E-03
4.98079149E-01  2.33787093E-02  3.24146659E-03
4.99348141E-01  2.14864314E-02  3.20225093E-03
5.00617132E-01  1.71044040E-02  3.40118911E-03
5.01886123E-01  2.01605354E-02  3.50949867E-03
5.03155115E-01  2.02980824E-02  4.32347320E-03
5.04424106E-01  2.18444020E-02  4.76191239E-03
5.05693098E-01  2.38323100E-02  6.15347596E-03
5.06962089E-01  2.97929421E-02  7.69250467E-03
5.08231081E-01  1.58909839E-02  1.12366229E-02
5.09500072E-01  0.00000000E+00  0.00000000E+00
5.10769064E-01  0.00000000E+00  0.00000000E+00
5.12038055E-01  0.00000000E+00  0.00000000E+00
5.13307047E-01  0.00000000E+00  0.00000000E+00


### HEADER:
#
#{
#    "analysis": {
#        "uvvis": {
#            "UVDarkTransmission": 1.0,
#            "UVPathlength": 1.5,
#            "UVTransmission": 1.0
#        }
#    },
#    "calibration_params": {
#        "Beam_Center_X": 316.5,
#        "Beam_Center_Y": 253.5,
#        "Detector Tilt": 0.0,
#        "Detector Tilt Plane Rotation": 0.0,
#        "Detector_X_Pixel_Size": 172.0,
#        "Detector_Y_Pixel_Size": 172.0,
#        "Integration Method": "nosplit_csr",
#        "Radial_Average_Method": "pyFAI",
#        "Sample-to-detector distance (mm)": 632.5,
#        "Wavelength (A)": 1.3403697127913543
#    },
#    "config_file": null,
#    "counters": {},
#    "filename": "11795_A1_Mq_006_c.tiff",
#    "history": {},
#    "imageHeader": {
#        "AFTER": 162304760.0,
#        "BEFORE": 162304760.0,
#        "IC": 162304760.0,
#        "Img.ImgType": "2D",
#        "Img.Site": "TUM",
#        "Meas.Description": "Mq",
#        "aquire_timestamp": "Wed Mar 01 10:15:50 2023",
#        "beam_x": 316.33,
#        "beam_y": 231.94,
#        "beamcenter_actual": "316.33    231.94",
#        "beamcenter_nominal": "316.33    231.94",
#        "bstop": 32.0,
#        "calibrationtype": "geom",
#        "configuraton_number": 2.0,
#        "data_added_constant": 0.0,
#        "data_multiplied_constant": 1.0,
#        "dataset_comments": "Mq",
#        "datatype": "tiff",
#        "det_count_cutoff": 1147717.0,
#        "det_excluded_pixels": "badpix_mask.tif",
#        "det_exposure_period": 62.0,
#        "det_exposure_time": 60.0,
#        "det_flat_field": "(nil)",
#        "det_n_excluded_pixels": 30.0,
#        "det_pixel_size": "172e-6 172e-6",
#        "det_tau": 0.0,
#        "det_thickness": 0.00045,
#        "det_threshold_setting": 4024.0,
#        "det_trim_directory": "p3-0242_E8048_T4024.bin",
#        "detector_dist": 1425.0,
#        "detector_function": "saxs",
#        "detector_sn": "dec1174",
#        "detectortype": "Pilatus",
#        "detx": 1300.0,
#        "dety": 1.371563,
#        "detz": 0.0,
#        "dxdont": 525.0,
#        "error_norm_fact": 1.0,
#        "exposure_time": 60.0,
#        "flatfield_applied": 0.0,
#        "hg1": 2.5,
#        "hg2": 1.05,
#        "hg3": 0.0,
#        "hp1": 0.0,
#        "hp2": 0.0,
#        "hp3": 0.0,
#        "integration_time": 60.0,
#        "livetime": 60.0,
#        "log": "log",
#        "pd": 0.0,
#        "photons_per_100adu": 100.0,
#        "pixelsize": "0.172 0.172",
#        "pixelsize_x": 172.0,
#        "pixelsize_y": 172.0,
#        "reduction_type": "s",
#        "sample_ID": "p 7 10",
#        "sample_angle1": 0.0,
#        "sample_bio_cell_temp": 25.0,
#        "sample_bio_code": "None",
#        "sample_bio_run_number": 1.0,
#        "sample_bio_sample": "p 7 10",
#        "sample_bio_uv_dark": 1.0,
#        "sample_bio_uv_pathlength": 1.5,
#        "sample_bio_uv_trans": 1.0,
#        "sample_concentration": 1.0,
#        "sample_transfact": 1.0,
#        "sample_ypos": 2.5,
#        "sample_zpos": 68.9,
#        "saturated_value": 1147717.0,
#        "saxsconf_Ieff": 1.0,
#        "saxsconf_Imon": 162304760.0,
#        "saxsconf_Itrans": 162304760.0,
#        "saxsconf_Izero": 162304760.0,
#        "saxsconf_det_offx": 0.0,
#        "saxsconf_det_offy": 0.0,
#        "saxsconf_det_pixsizey": 0.172,
#        "saxsconf_det_pixsizez": 0.172,
#        "saxsconf_det_rotx": 0.0,
#        "saxsconf_det_roty": 0.0,
#        "saxsconf_dwavelength": 0.004,
#        "saxsconf_l1": 725.0,
#        "saxsconf_l2": 400.0,
#        "saxsconf_l3": 200.0,
#        "saxsconf_r1": 1.25,
#        "saxsconf_r2": 0.525,
#        "saxsconf_r3": 0.0,
#        "saxsconf_wavelength": 1.3428,
#        "solz": 0.0,
#        "source_kV": 0.0,
#        "source_ma": 0.0,
#        "source_type": "EXCILLUMMETALJET",
#        "start_timestamp": "Wed Mar 01 10:15:50 2023",
#        "thsam": 0.0,
#        "vg1": 2.5,
#        "vg2": 1.05,
#        "vg3": 0.0,
#        "vp1": 0.0,
#        "vp2": 0.0,
#        "vp3": 0.0,
#        "wavelength": 1.3428,
#        "xaxisbintype": "lin",
#        "zinger_removal": 0.0,
#        "zsam": 68.9
#    },
#    "load_path": "/home/saxslab/BIODATA/Users/Course_010323/P2/11795_A1_Mq_006_c.tiff",
#    "normalizations": {
#        "Absolute_scale": {
#            "Absolute_scale_factor": 0.7601938,
#            "Method": "Water"
#        },
#        "Counter_norms": [
#            [
#                "/",
#                "exposure_time"
#            ],
#            [
#                "/",
#                "saxsconf_Izero/1e8"
#            ]
#        ],
#        "Polarization": {
#            "Used": false
#        },
#        "Solid_Angle_Correction": "On"
#    },
#    "raw_version": "2.1.4"
#}

