### DATA:
#
# 393
#      Q             I(Q)           Error     
1.58623933E-02  8.21022570E-01  8.94372817E-03
1.71313847E-02  4.23430175E-01  5.98940533E-03
1.84003762E-02  2.54641950E-01  4.74909693E-03
1.96693677E-02  1.88848987E-01  3.91570339E-03
2.09383591E-02  1.42585024E-01  3.47561645E-03
2.22073506E-02  1.10809512E-01  2.68279528E-03
2.34763421E-02  9.95174050E-02  2.63166754E-03
2.47453335E-02  8.65828171E-02  2.37146462E-03
2.60143250E-02  8.13101456E-02  2.19117850E-03
2.72833164E-02  6.80067614E-02  2.10173894E-03
2.85523079E-02  6.55713156E-02  1.78727496E-03
2.98212994E-02  6.02964200E-02  1.83221861E-03
3.10902908E-02  5.49211018E-02  1.67820312E-03
3.23592823E-02  5.30752987E-02  1.64976565E-03
3.36282738E-02  5.04218116E-02  1.56804302E-03
3.48972652E-02  4.80121821E-02  1.41090306E-03
3.61662567E-02  4.55728546E-02  1.42068753E-03
3.74352481E-02  4.24902625E-02  1.34231779E-03
3.87042396E-02  4.20057103E-02  1.34941703E-03
3.99732311E-02  4.04946432E-02  1.25628966E-03
4.12422225E-02  4.03615162E-02  1.22987118E-03
4.25112140E-02  3.85930836E-02  1.21736596E-03
4.37802055E-02  3.72793302E-02  1.16325670E-03
4.50491969E-02  3.76405008E-02  1.16773532E-03
4.63181884E-02  3.70272845E-02  1.11590710E-03
4.75871798E-02  3.40217836E-02  1.06418831E-03
4.88561713E-02  3.51873189E-02  1.13035808E-03
5.01251628E-02  3.38391699E-02  1.00047456E-03
5.13941542E-02  3.12982872E-02  9.56801639E-04
5.26631457E-02  3.30093056E-02  1.00304862E-03
5.39321372E-02  3.13596800E-02  9.63655766E-04
5.52011286E-02  3.19176279E-02  1.01336092E-03
5.64701201E-02  3.00804004E-02  8.82019056E-04
5.77391115E-02  3.02916300E-02  9.38350509E-04
5.90081030E-02  3.00856978E-02  9.09186259E-04
6.02770945E-02  2.96030249E-02  9.01602150E-04
6.15460859E-02  3.11053507E-02  9.07424605E-04
6.28150774E-02  2.92660240E-02  8.46573792E-04
6.40840689E-02  2.95222122E-02  8.99155624E-04
6.53530603E-02  2.77925394E-02  8.21313937E-04
6.66220518E-02  2.96064019E-02  8.63696390E-04
6.78910432E-02  2.80025359E-02  7.81155482E-04
6.91600347E-02  2.74487063E-02  7.96675333E-04
7.04290262E-02  2.65516248E-02  7.99409347E-04
7.16980176E-02  2.80035492E-02  7.81784009E-04
7.29670091E-02  2.63252854E-02  7.56405061E-04
7.42360006E-02  2.71836054E-02  7.62162439E-04
7.55049920E-02  2.61881296E-02  7.49401690E-04
7.67739835E-02  2.40487084E-02  7.30039610E-04
7.80429750E-02  2.51310635E-02  6.97226904E-04
7.93119664E-02  2.51994971E-02  7.19639356E-04
8.05809579E-02  2.48156562E-02  6.98793621E-04
8.18499493E-02  2.51060519E-02  7.07508007E-04
8.31189408E-02  2.34762076E-02  7.03589234E-04
8.43879323E-02  2.33935881E-02  6.55065523E-04
8.56569237E-02  2.29646973E-02  6.47091249E-04
8.69259152E-02  2.26181038E-02  6.44302520E-04
8.81949067E-02  2.26545502E-02  6.46332104E-04
8.94638981E-02  2.31722035E-02  6.61690021E-04
9.07328896E-02  2.21982412E-02  6.21577492E-04
9.20018810E-02  2.05931310E-02  6.08517730E-04
9.32708725E-02  2.21818481E-02  6.21126615E-04
9.45398640E-02  2.13484913E-02  5.99309045E-04
9.58088554E-02  2.19098069E-02  6.07551890E-04
9.70778469E-02  2.32055094E-02  6.13374694E-04
9.83468384E-02  2.17700191E-02  6.12959208E-04
9.96158298E-02  2.21600886E-02  5.92913711E-04
1.00884821E-01  2.23152339E-02  5.94940328E-04
1.02153813E-01  2.16567777E-02  5.93952020E-04
1.03422804E-01  2.06307005E-02  5.60121669E-04
1.04691796E-01  2.03469079E-02  5.77840314E-04
1.05960787E-01  2.14210488E-02  5.66607749E-04
1.07229779E-01  2.07062587E-02  5.61140419E-04
1.08498770E-01  2.17856709E-02  5.69797121E-04
1.09767762E-01  2.11020838E-02  5.61759574E-04
1.11036753E-01  2.21320484E-02  5.84131223E-04
1.12305744E-01  2.07078028E-02  5.33668615E-04
1.13574736E-01  2.10455023E-02  5.78419655E-04
1.14843727E-01  2.21104696E-02  5.75968064E-04
1.16112719E-01  2.11638082E-02  5.81306114E-04
1.17381710E-01  2.11662520E-02  5.84199675E-04
1.18650702E-01  2.09058803E-02  5.58338943E-04
1.19919693E-01  2.04113442E-02  5.54182567E-04
1.21188685E-01  2.10515466E-02  5.69861848E-04
1.22457676E-01  2.10218057E-02  5.71071403E-04
1.23726668E-01  2.08819881E-02  5.70895732E-04
1.24995659E-01  2.11149585E-02  5.61063760E-04
1.26264651E-01  2.09812876E-02  5.82044362E-04
1.27533642E-01  2.10109837E-02  5.80990396E-04
1.28802633E-01  2.04308908E-02  5.78339736E-04
1.30071625E-01  2.15085130E-02  6.06686983E-04
1.31340616E-01  2.05252487E-02  5.93028555E-04
1.32609608E-01  2.12330166E-02  6.14846940E-04
1.33878599E-01  2.03338265E-02  5.75167011E-04
1.35147591E-01  2.07930431E-02  6.04573463E-04
1.36416582E-01  1.96319185E-02  5.93546720E-04
1.37685574E-01  2.10259799E-02  6.10695803E-04
1.38954565E-01  2.04540733E-02  6.22500433E-04
1.40223557E-01  2.15270091E-02  5.96846570E-04
1.41492548E-01  2.07765214E-02  6.20606006E-04
1.42761540E-01  2.04788335E-02  6.16521982E-04
1.44030531E-01  2.06048097E-02  6.15463126E-04
1.45299522E-01  2.04153229E-02  6.23185013E-04
1.46568514E-01  1.84696317E-02  5.72600635E-04
1.47837505E-01  2.01949347E-02  6.00129890E-04
1.49106497E-01  2.08157916E-02  5.98472252E-04
1.50375488E-01  1.99563727E-02  5.85392700E-04
1.51644480E-01  1.95401534E-02  5.71494864E-04
1.52913471E-01  2.05018409E-02  5.71294047E-04
1.54182463E-01  2.05644798E-02  5.72573044E-04
1.55451454E-01  2.16098949E-02  5.79293293E-04
1.56720446E-01  1.99634004E-02  5.57098712E-04
1.57989437E-01  2.09386889E-02  5.77020925E-04
1.59258429E-01  2.08151359E-02  5.71470940E-04
1.60527420E-01  1.96378175E-02  5.47137985E-04
1.61796411E-01  2.06074286E-02  5.27293712E-04
1.63065403E-01  2.00995207E-02  5.28306875E-04
1.64334394E-01  2.02540625E-02  5.28989010E-04
1.65603386E-01  2.12249719E-02  5.32037695E-04
1.66872377E-01  2.01885682E-02  5.25820069E-04
1.68141369E-01  1.88139845E-02  4.75173321E-04
1.69410360E-01  2.08044723E-02  5.11589460E-04
1.70679352E-01  2.00642943E-02  5.03449235E-04
1.71948343E-01  1.99950561E-02  4.91890649E-04
1.73217335E-01  2.05641203E-02  5.02699928E-04
1.74486326E-01  2.00082883E-02  4.82272008E-04
1.75755318E-01  2.06804462E-02  4.97873174E-04
1.77024309E-01  1.99416690E-02  4.86315665E-04
1.78293300E-01  1.98353175E-02  4.66842437E-04
1.79562292E-01  2.10149661E-02  4.89463331E-04
1.80831283E-01  2.06370167E-02  4.76957415E-04
1.82100275E-01  2.13271677E-02  4.82496951E-04
1.83369266E-01  1.99382585E-02  4.77016845E-04
1.84638258E-01  2.05688290E-02  4.66660946E-04
1.85907249E-01  2.04973165E-02  4.69134597E-04
1.87176241E-01  2.07551960E-02  4.68160666E-04
1.88445232E-01  2.04040501E-02  4.63897712E-04
1.89714224E-01  2.02025864E-02  4.54909983E-04
1.90983215E-01  1.97696444E-02  4.56503010E-04
1.92252207E-01  2.05309000E-02  4.55222500E-04
1.93521198E-01  1.98948216E-02  4.51650994E-04
1.94790190E-01  2.07759812E-02  4.45845595E-04
1.96059181E-01  2.01220531E-02  4.46280988E-04
1.97328172E-01  2.07781699E-02  4.55497793E-04
1.98597164E-01  1.98779702E-02  4.47238475E-04
1.99866155E-01  2.05225088E-02  4.48744308E-04
2.01135147E-01  2.01522745E-02  4.36513248E-04
2.02404138E-01  2.07436308E-02  4.36986709E-04
2.03673130E-01  1.99879222E-02  4.33702022E-04
2.04942121E-01  2.04855185E-02  4.44093224E-04
2.06211113E-01  2.00837180E-02  4.29961627E-04
2.07480104E-01  1.97270345E-02  4.22506826E-04
2.08749096E-01  1.99695248E-02  4.32744884E-04
2.10018087E-01  2.02448741E-02  4.32157161E-04
2.11287079E-01  2.05090195E-02  4.25651058E-04
2.12556070E-01  1.96286067E-02  4.10587032E-04
2.13825061E-01  1.94592979E-02  4.18069452E-04
2.15094053E-01  1.98928509E-02  4.21592034E-04
2.16363044E-01  1.99472476E-02  4.22857091E-04
2.17632036E-01  1.93081256E-02  4.06636507E-04
2.18901027E-01  2.02493500E-02  4.16157360E-04
2.20170019E-01  2.08255406E-02  4.21580859E-04
2.21439010E-01  2.03944221E-02  4.18081327E-04
2.22708002E-01  2.00582147E-02  4.07486921E-04
2.23976993E-01  2.00816225E-02  4.10742505E-04
2.25245985E-01  1.97134484E-02  4.03178652E-04
2.26514976E-01  1.92684550E-02  4.03190352E-04
2.27783968E-01  1.96805336E-02  4.00732446E-04
2.29052959E-01  1.99376773E-02  4.00494551E-04
2.30321950E-01  1.98703781E-02  3.96940188E-04
2.31590942E-01  2.01789904E-02  4.09523112E-04
2.32859933E-01  2.02029403E-02  4.02045203E-04
2.34128925E-01  2.02458892E-02  3.99037002E-04
2.35397916E-01  1.98838636E-02  3.90136323E-04
2.36666908E-01  2.07204446E-02  4.03184094E-04
2.37935899E-01  1.94138102E-02  3.93927592E-04
2.39204891E-01  2.03714631E-02  3.89434426E-04
2.40473882E-01  2.03097500E-02  4.00017248E-04
2.41742874E-01  2.03708708E-02  3.93443508E-04
2.43011865E-01  2.05846950E-02  3.95284995E-04
2.44280857E-01  1.95277352E-02  3.85794381E-04
2.45549848E-01  2.02777423E-02  3.83274077E-04
2.46818839E-01  2.01758519E-02  3.90164263E-04
2.48087831E-01  2.05546096E-02  3.88978689E-04
2.49356822E-01  1.98585745E-02  3.85580701E-04
2.50625814E-01  2.02075634E-02  3.78457888E-04
2.51894805E-01  2.01730896E-02  3.82198195E-04
2.53163797E-01  1.97809134E-02  3.84780695E-04
2.54432788E-01  1.96544025E-02  3.74704367E-04
2.55701780E-01  1.99452396E-02  3.77508986E-04
2.56970771E-01  1.94116067E-02  3.67874105E-04
2.58239763E-01  2.00478714E-02  3.79561854E-04
2.59508754E-01  2.00609602E-02  3.78869066E-04
2.60777746E-01  2.06378028E-02  3.71552625E-04
2.62046737E-01  1.98961776E-02  3.77501856E-04
2.63315728E-01  2.07432248E-02  3.73163464E-04
2.64584720E-01  1.98460687E-02  3.74041236E-04
2.65853711E-01  1.99690815E-02  3.71859089E-04
2.67122703E-01  1.97675005E-02  3.56424105E-04
2.68391694E-01  2.02561207E-02  3.71696427E-04
2.69660686E-01  1.98685229E-02  3.64727690E-04
2.70929677E-01  2.04343293E-02  3.74333729E-04
2.72198669E-01  1.94751136E-02  3.59503028E-04
2.73467660E-01  1.89417414E-02  3.52724659E-04
2.74736652E-01  1.94658209E-02  3.65568936E-04
2.76005643E-01  1.91890132E-02  3.48783738E-04
2.77274635E-01  2.02030893E-02  3.61307437E-04
2.78543626E-01  2.07414292E-02  3.65592656E-04
2.79812618E-01  2.00786963E-02  3.57867975E-04
2.81081609E-01  2.02028789E-02  3.66136053E-04
2.82350600E-01  1.97842289E-02  3.50496208E-04
2.83619592E-01  2.04169024E-02  3.59430036E-04
2.84888583E-01  2.03385521E-02  3.56319943E-04
2.86157575E-01  1.97855569E-02  3.54129617E-04
2.87426566E-01  2.04876103E-02  3.59009253E-04
2.88695558E-01  2.01894175E-02  3.51235474E-04
2.89964549E-01  2.00858805E-02  3.54781107E-04
2.91233541E-01  2.02173553E-02  3.49903392E-04
2.92502532E-01  2.01020073E-02  3.49829614E-04
2.93771524E-01  1.95673089E-02  3.48326954E-04
2.95040515E-01  1.96471456E-02  3.51289811E-04
2.96309507E-01  1.99167244E-02  3.61110870E-04
2.97578498E-01  1.99676678E-02  3.55087948E-04
2.98847489E-01  1.97124463E-02  3.55070690E-04
3.00116481E-01  2.02523153E-02  3.59848520E-04
3.01385472E-01  1.96344722E-02  3.54540767E-04
3.02654464E-01  2.00301632E-02  3.67567758E-04
3.03923455E-01  2.00389661E-02  3.52899689E-04
3.05192447E-01  1.97924078E-02  3.62014165E-04
3.06461438E-01  1.94194037E-02  3.54762364E-04
3.07730430E-01  2.04981919E-02  3.61728482E-04
3.08999421E-01  1.99716296E-02  3.59177124E-04
3.10268413E-01  1.97953507E-02  3.54125601E-04
3.11537404E-01  2.04783939E-02  3.69029003E-04
3.12806396E-01  2.03683767E-02  3.60199861E-04
3.14075387E-01  1.92421135E-02  3.59122205E-04
3.15344378E-01  2.03773919E-02  3.56402918E-04
3.16613370E-01  2.00283583E-02  3.61781218E-04
3.17882361E-01  2.02963557E-02  3.63158993E-04
3.19151353E-01  2.00002939E-02  3.54686490E-04
3.20420344E-01  2.06858777E-02  3.64927022E-04
3.21689336E-01  2.06880514E-02  3.68002773E-04
3.22958327E-01  2.05993298E-02  3.71365837E-04
3.24227319E-01  1.94521956E-02  3.63894011E-04
3.25496310E-01  1.96268074E-02  3.61966231E-04
3.26765302E-01  2.03109197E-02  3.72344191E-04
3.28034293E-01  2.02719141E-02  3.69090238E-04
3.29303285E-01  2.03406382E-02  3.74006690E-04
3.30572276E-01  2.01302674E-02  3.69255518E-04
3.31841267E-01  2.01248508E-02  3.66126100E-04
3.33110259E-01  1.96646899E-02  3.74538795E-04
3.34379250E-01  1.94676463E-02  3.63529776E-04
3.35648242E-01  1.99852046E-02  3.78441386E-04
3.36917233E-01  2.05707811E-02  3.74121562E-04
3.38186225E-01  2.02999972E-02  3.74736032E-04
3.39455216E-01  2.03506164E-02  3.79816367E-04
3.40724208E-01  2.01235320E-02  3.71601520E-04
3.41993199E-01  1.95157714E-02  3.71270493E-04
3.43262191E-01  2.00508181E-02  3.73076531E-04
3.44531182E-01  2.07280032E-02  3.83756473E-04
3.45800174E-01  1.99089069E-02  3.77416174E-04
3.47069165E-01  2.02047918E-02  3.71243281E-04
3.48338156E-01  2.00971738E-02  3.78858531E-04
3.49607148E-01  2.04054210E-02  3.73505638E-04
3.50876139E-01  1.98494736E-02  3.75402567E-04
3.52145131E-01  2.03556418E-02  3.72973096E-04
3.53414122E-01  1.97260603E-02  3.69691290E-04
3.54683114E-01  1.99115276E-02  3.70855327E-04
3.55952105E-01  2.05874182E-02  3.79260542E-04
3.57221097E-01  1.99640542E-02  3.74367315E-04
3.58490088E-01  1.98777914E-02  3.70943308E-04
3.59759080E-01  1.92298386E-02  3.67382163E-04
3.61028071E-01  2.03530900E-02  3.75648582E-04
3.62297063E-01  1.99070368E-02  3.74313357E-04
3.63566054E-01  2.02498361E-02  3.81779333E-04
3.64835046E-01  1.90490447E-02  3.63014202E-04
3.66104037E-01  2.00929679E-02  3.80932092E-04
3.67373028E-01  2.06026081E-02  3.75128089E-04
3.68642020E-01  2.04551574E-02  3.81775259E-04
3.69911011E-01  2.00384259E-02  3.76608135E-04
3.71180003E-01  2.00699177E-02  3.77891382E-04
3.72448994E-01  1.96206197E-02  3.81509570E-04
3.73717986E-01  2.09008157E-02  3.78912402E-04
3.74986977E-01  2.02224590E-02  3.81850579E-04
3.76255969E-01  1.99296959E-02  3.76255950E-04
3.77524960E-01  2.00458020E-02  3.79926991E-04
3.78793952E-01  2.05991082E-02  3.87932028E-04
3.80062943E-01  1.97864231E-02  3.70535941E-04
3.81331935E-01  2.04255208E-02  3.88471090E-04
3.82600926E-01  2.02272031E-02  3.84953135E-04
3.83869917E-01  2.02081166E-02  3.90991743E-04
3.85138909E-01  2.09528990E-02  4.05903207E-04
3.86407900E-01  2.03345306E-02  3.93891853E-04
3.87676892E-01  1.97480619E-02  4.09246713E-04
3.88945883E-01  1.97915062E-02  3.95209994E-04
3.90214875E-01  2.02302430E-02  4.05183702E-04
3.91483866E-01  2.09137704E-02  4.17553616E-04
3.92752858E-01  2.05701552E-02  4.13018977E-04
3.94021849E-01  2.05771830E-02  4.19241842E-04
3.95290841E-01  2.02068612E-02  4.13791597E-04
3.96559832E-01  2.02185512E-02  4.21181991E-04
3.97828824E-01  1.95142031E-02  4.19073913E-04
3.99097815E-01  2.08605491E-02  4.40712611E-04
4.00366806E-01  2.06265040E-02  4.46674210E-04
4.01635798E-01  2.07975246E-02  4.59708710E-04
4.02904789E-01  2.00154465E-02  4.63636068E-04
4.04173781E-01  1.97238382E-02  4.47733182E-04
4.05442772E-01  1.96211878E-02  4.63179342E-04
4.06711764E-01  2.04110928E-02  4.69919440E-04
4.07980755E-01  2.02010013E-02  4.82160074E-04
4.09249747E-01  2.00419929E-02  4.86978708E-04
4.10518738E-01  2.10512113E-02  4.90237551E-04
4.11787730E-01  2.02965662E-02  5.07138320E-04
4.13056721E-01  2.09812243E-02  5.03352494E-04
4.14325713E-01  2.10420843E-02  5.16781351E-04
4.15594704E-01  2.08751243E-02  5.15212480E-04
4.16863695E-01  2.08208524E-02  5.25025534E-04
4.18132687E-01  1.99257191E-02  5.30087389E-04
4.19401678E-01  2.05662139E-02  5.19703492E-04
4.20670670E-01  1.95002668E-02  5.28697972E-04
4.21939661E-01  2.06611697E-02  5.45914168E-04
4.23208653E-01  2.05173120E-02  5.54394443E-04
4.24477644E-01  2.06148904E-02  5.56090439E-04
4.25746636E-01  2.12684143E-02  5.66187489E-04
4.27015627E-01  2.12704055E-02  5.84852067E-04
4.28284619E-01  2.16889288E-02  5.84755617E-04
4.29553610E-01  2.07110252E-02  5.94647601E-04
4.30822602E-01  1.99410599E-02  5.73148485E-04
4.32091593E-01  2.01818515E-02  5.99177554E-04
4.33360584E-01  2.20125113E-02  6.21991116E-04
4.34629576E-01  2.02497151E-02  6.04626432E-04
4.35898567E-01  1.97770130E-02  6.13818120E-04
4.37167559E-01  2.11110990E-02  6.19938015E-04
4.38436550E-01  2.03280877E-02  6.63634972E-04
4.39705542E-01  2.07739342E-02  6.28843787E-04
4.40974533E-01  2.03274898E-02  6.46801724E-04
4.42243525E-01  1.98771227E-02  6.66254724E-04
4.43512516E-01  2.08606757E-02  6.53793395E-04
4.44781508E-01  2.04544831E-02  6.92317320E-04
4.46050499E-01  2.20875926E-02  7.02502322E-04
4.47319491E-01  1.97073184E-02  6.88618864E-04
4.48588482E-01  1.97059270E-02  7.09715008E-04
4.49857473E-01  2.07803957E-02  7.12911773E-04
4.51126465E-01  2.09311862E-02  7.41103780E-04
4.52395456E-01  2.00216919E-02  7.30948290E-04
4.53664448E-01  2.17780173E-02  7.75523542E-04
4.54933439E-01  2.14374997E-02  7.74911779E-04
4.56202431E-01  2.04944350E-02  7.98731053E-04
4.57471422E-01  2.02382468E-02  7.82771618E-04
4.58740414E-01  2.10650750E-02  8.16614716E-04
4.60009405E-01  1.91212166E-02  8.03713163E-04
4.61278397E-01  2.22172290E-02  8.72551755E-04
4.62547388E-01  2.05704253E-02  8.57450766E-04
4.63816380E-01  2.11677738E-02  9.06312896E-04
4.65085371E-01  2.12448072E-02  9.03249311E-04
4.66354363E-01  2.16340031E-02  9.40528582E-04
4.67623354E-01  2.01537237E-02  9.29232920E-04
4.68892345E-01  2.06406210E-02  9.53814830E-04
4.70161337E-01  1.84312183E-02  9.62569786E-04
4.71430328E-01  1.89830493E-02  9.64201870E-04
4.72699320E-01  2.08549351E-02  1.07348687E-03
4.73968311E-01  2.04559024E-02  1.08367356E-03
4.75237303E-01  1.99050792E-02  1.09196606E-03
4.76506294E-01  1.90481879E-02  1.11320580E-03
4.77775286E-01  2.10204422E-02  1.21512450E-03
4.79044277E-01  2.23594420E-02  1.29490648E-03
4.80313269E-01  2.11925786E-02  1.28732284E-03
4.81582260E-01  2.20657792E-02  1.41523266E-03
4.82851252E-01  2.08864268E-02  1.35661324E-03
4.84120243E-01  2.29266360E-02  1.55970210E-03
4.85389234E-01  1.83371212E-02  1.45168032E-03
4.86658226E-01  2.35313494E-02  1.65975315E-03
4.87927217E-01  2.19482053E-02  1.71311665E-03
4.89196209E-01  1.97293423E-02  1.78482581E-03
4.90465200E-01  2.06980668E-02  1.89269264E-03
4.91734192E-01  1.70369670E-02  1.88979425E-03
4.93003183E-01  2.35343874E-02  2.40146811E-03
4.94272175E-01  2.27198042E-02  2.49230466E-03
4.95541166E-01  1.99739821E-02  2.55611748E-03
4.96810158E-01  1.87362507E-02  2.64774542E-03
4.98079149E-01  2.20210310E-02  3.14523233E-03
4.99348141E-01  2.19193306E-02  3.26458109E-03
5.00617132E-01  2.07372811E-02  3.65952007E-03
5.01886123E-01  2.01291293E-02  3.55672697E-03
5.03155115E-01  1.85041614E-02  4.03793901E-03
5.04424106E-01  2.77586579E-02  5.24589326E-03
5.05693098E-01  1.90361496E-02  5.49526280E-03
5.06962089E-01  2.77634319E-02  7.42008910E-03
5.08231081E-01  1.58662312E-02  1.12191187E-02
5.09500072E-01  0.00000000E+00  0.00000000E+00
5.10769064E-01  0.00000000E+00  0.00000000E+00
5.12038055E-01  0.00000000E+00  0.00000000E+00
5.13307047E-01  0.00000000E+00  0.00000000E+00


### HEADER:
#
#{
#    "analysis": {
#        "uvvis": {
#            "UVDarkTransmission": 1.0,
#            "UVPathlength": 1.5,
#            "UVTransmission": 1.0
#        }
#    },
#    "calibration_params": {
#        "Beam_Center_X": 316.5,
#        "Beam_Center_Y": 253.5,
#        "Detector Tilt": 0.0,
#        "Detector Tilt Plane Rotation": 0.0,
#        "Detector_X_Pixel_Size": 172.0,
#        "Detector_Y_Pixel_Size": 172.0,
#        "Integration Method": "nosplit_csr",
#        "Radial_Average_Method": "pyFAI",
#        "Sample-to-detector distance (mm)": 632.5,
#        "Wavelength (A)": 1.3403697127913543
#    },
#    "config_file": null,
#    "counters": {},
#    "filename": "11795_A1_Mq_009_c.tiff",
#    "history": {},
#    "imageHeader": {
#        "AFTER": 162557990.0,
#        "BEFORE": 162557990.0,
#        "IC": 162557990.0,
#        "Img.ImgType": "2D",
#        "Img.Site": "TUM",
#        "Meas.Description": "Mq",
#        "aquire_timestamp": "Wed Mar 01 10:19:18 2023",
#        "beam_x": 316.33,
#        "beam_y": 231.94,
#        "beamcenter_actual": "316.33    231.94",
#        "beamcenter_nominal": "316.33    231.94",
#        "bstop": 32.0,
#        "calibrationtype": "geom",
#        "configuraton_number": 2.0,
#        "data_added_constant": 0.0,
#        "data_multiplied_constant": 1.0,
#        "dataset_comments": "Mq",
#        "datatype": "tiff",
#        "det_count_cutoff": 1147717.0,
#        "det_excluded_pixels": "badpix_mask.tif",
#        "det_exposure_period": 62.0,
#        "det_exposure_time": 60.0,
#        "det_flat_field": "(nil)",
#        "det_n_excluded_pixels": 30.0,
#        "det_pixel_size": "172e-6 172e-6",
#        "det_tau": 0.0,
#        "det_thickness": 0.00045,
#        "det_threshold_setting": 4024.0,
#        "det_trim_directory": "p3-0242_E8048_T4024.bin",
#        "detector_dist": 1425.0,
#        "detector_function": "saxs",
#        "detector_sn": "dec1174",
#        "detectortype": "Pilatus",
#        "detx": 1300.0,
#        "dety": 1.371563,
#        "detz": 0.0,
#        "dxdont": 525.0,
#        "error_norm_fact": 1.0,
#        "exposure_time": 60.0,
#        "flatfield_applied": 0.0,
#        "hg1": 2.5,
#        "hg2": 1.05,
#        "hg3": 0.0,
#        "hp1": 0.0,
#        "hp2": 0.0,
#        "hp3": 0.0,
#        "integration_time": 60.0,
#        "livetime": 60.0,
#        "log": "log",
#        "pd": 0.0,
#        "photons_per_100adu": 100.0,
#        "pixelsize": "0.172 0.172",
#        "pixelsize_x": 172.0,
#        "pixelsize_y": 172.0,
#        "reduction_type": "s",
#        "sample_ID": "p 10 10",
#        "sample_angle1": 0.0,
#        "sample_bio_cell_temp": 25.0,
#        "sample_bio_code": "None",
#        "sample_bio_run_number": 1.0,
#        "sample_bio_sample": "p 10 10",
#        "sample_bio_uv_dark": 1.0,
#        "sample_bio_uv_pathlength": 1.5,
#        "sample_bio_uv_trans": 1.0,
#        "sample_concentration": 1.0,
#        "sample_transfact": 1.0,
#        "sample_ypos": 2.5,
#        "sample_zpos": 68.9,
#        "saturated_value": 1147717.0,
#        "saxsconf_Ieff": 1.0,
#        "saxsconf_Imon": 162557990.0,
#        "saxsconf_Itrans": 162557990.0,
#        "saxsconf_Izero": 162557990.0,
#        "saxsconf_det_offx": 0.0,
#        "saxsconf_det_offy": 0.0,
#        "saxsconf_det_pixsizey": 0.172,
#        "saxsconf_det_pixsizez": 0.172,
#        "saxsconf_det_rotx": 0.0,
#        "saxsconf_det_roty": 0.0,
#        "saxsconf_dwavelength": 0.004,
#        "saxsconf_l1": 725.0,
#        "saxsconf_l2": 400.0,
#        "saxsconf_l3": 200.0,
#        "saxsconf_r1": 1.25,
#        "saxsconf_r2": 0.525,
#        "saxsconf_r3": 0.0,
#        "saxsconf_wavelength": 1.3428,
#        "solz": 0.0,
#        "source_kV": 0.0,
#        "source_ma": 0.0,
#        "source_type": "EXCILLUMMETALJET",
#        "start_timestamp": "Wed Mar 01 10:19:18 2023",
#        "thsam": 0.0,
#        "vg1": 2.5,
#        "vg2": 1.05,
#        "vg3": 0.0,
#        "vp1": 0.0,
#        "vp2": 0.0,
#        "vp3": 0.0,
#        "wavelength": 1.3428,
#        "xaxisbintype": "lin",
#        "zinger_removal": 0.0,
#        "zsam": 68.9
#    },
#    "load_path": "/home/saxslab/BIODATA/Users/Course_010323/P2/11795_A1_Mq_009_c.tiff",
#    "normalizations": {
#        "Absolute_scale": {
#            "Absolute_scale_factor": 0.7601938,
#            "Method": "Water"
#        },
#        "Counter_norms": [
#            [
#                "/",
#                "exposure_time"
#            ],
#            [
#                "/",
#                "saxsconf_Izero/1e8"
#            ]
#        ],
#        "Polarization": {
#            "Used": false
#        },
#        "Solid_Angle_Correction": "On"
#    },
#    "raw_version": "2.1.4"
#}

