### DATA:
#
# 393
#      Q             I(Q)           Error     
1.58623933E-02  8.15850794E-01  8.91600270E-03
1.71313847E-02  4.19240117E-01  5.96002350E-03
1.84003762E-02  2.51126617E-01  4.71646059E-03
1.96693677E-02  1.82130128E-01  3.84562695E-03
2.09383591E-02  1.48701206E-01  3.54957161E-03
2.22073506E-02  1.20240845E-01  2.79478752E-03
2.34763421E-02  9.92499068E-02  2.62827217E-03
2.47453335E-02  8.93856063E-02  2.40967446E-03
2.60143250E-02  7.92521164E-02  2.16338900E-03
2.72833164E-02  7.58745000E-02  2.22010957E-03
2.85523079E-02  6.26552403E-02  1.74717698E-03
2.98212994E-02  6.07484765E-02  1.84001750E-03
3.10902908E-02  5.40552586E-02  1.66501314E-03
3.23592823E-02  5.61069921E-02  1.69632211E-03
3.36282738E-02  5.22787757E-02  1.59597292E-03
3.48972652E-02  4.85979654E-02  1.41956168E-03
3.61662567E-02  4.50020358E-02  1.41183939E-03
3.74352481E-02  4.44438346E-02  1.37352769E-03
3.87042396E-02  4.13606651E-02  1.33910018E-03
3.99732311E-02  4.01092917E-02  1.25097379E-03
4.12422225E-02  3.98037396E-02  1.22141035E-03
4.25112140E-02  3.68012004E-02  1.18959078E-03
4.37802055E-02  3.72834131E-02  1.16226380E-03
4.50491969E-02  3.87995876E-02  1.18392659E-03
4.63181884E-02  3.68633233E-02  1.11349695E-03
4.75871798E-02  3.41906808E-02  1.06379215E-03
4.88561713E-02  3.48663293E-02  1.12296653E-03
5.01251628E-02  3.28683443E-02  9.86982021E-04
5.13941542E-02  3.54616977E-02  1.01693091E-03
5.26631457E-02  3.10029108E-02  9.73122602E-04
5.39321372E-02  3.08020059E-02  9.55582189E-04
5.52011286E-02  3.03554237E-02  9.90029890E-04
5.64701201E-02  3.02119292E-02  8.82115681E-04
5.77391115E-02  3.15032937E-02  9.54197312E-04
5.90081030E-02  2.97595523E-02  9.05548164E-04
6.02770945E-02  3.08603104E-02  9.20059101E-04
6.15460859E-02  2.86327004E-02  8.72043252E-04
6.28150774E-02  2.79090013E-02  8.25139112E-04
6.40840689E-02  2.91710310E-02  8.93865596E-04
6.53530603E-02  2.80603040E-02  8.24921706E-04
6.66220518E-02  2.82557756E-02  8.44286522E-04
6.78910432E-02  2.82655153E-02  7.84237753E-04
6.91600347E-02  2.64426265E-02  7.82105140E-04
7.04290262E-02  2.70537678E-02  8.05132207E-04
7.16980176E-02  2.72918325E-02  7.72209081E-04
7.29670091E-02  2.56426521E-02  7.43947749E-04
7.42360006E-02  2.73984820E-02  7.65185570E-04
7.55049920E-02  2.66783722E-02  7.55153887E-04
7.67739835E-02  2.58256234E-02  7.56584108E-04
7.80429750E-02  2.42163837E-02  6.85414299E-04
7.93119664E-02  2.47148648E-02  7.12808745E-04
8.05809579E-02  2.43309755E-02  6.94779155E-04
8.18499493E-02  2.46755518E-02  7.00977573E-04
8.31189408E-02  2.39350814E-02  7.10662047E-04
8.43879323E-02  2.36669388E-02  6.60339778E-04
8.56569237E-02  2.25915816E-02  6.41949999E-04
8.69259152E-02  2.40287259E-02  6.63068902E-04
8.81949067E-02  2.40651984E-02  6.65532134E-04
8.94638981E-02  2.24505309E-02  6.54426869E-04
9.07328896E-02  2.31413804E-02  6.35376258E-04
9.20018810E-02  2.41643246E-02  6.52564398E-04
9.32708725E-02  2.17224620E-02  6.15517201E-04
9.45398640E-02  2.17440911E-02  6.02502259E-04
9.58088554E-02  2.05736775E-02  5.93752833E-04
9.70778469E-02  2.14658491E-02  5.91605727E-04
9.83468384E-02  2.15858798E-02  6.11147319E-04
9.96158298E-02  2.30756365E-02  6.03389635E-04
1.00884821E-01  2.12188195E-02  5.79299056E-04
1.02153813E-01  2.12915037E-02  5.89049770E-04
1.03422804E-01  2.12879758E-02  5.69209340E-04
1.04691796E-01  2.19956115E-02  5.98751241E-04
1.05960787E-01  2.17435807E-02  5.69652300E-04
1.07229779E-01  2.12742519E-02  5.70018659E-04
1.08498770E-01  1.99250858E-02  5.47101372E-04
1.09767762E-01  2.03475486E-02  5.53080696E-04
1.11036753E-01  2.14541089E-02  5.77307015E-04
1.12305744E-01  2.09121872E-02  5.38805441E-04
1.13574736E-01  2.10167877E-02  5.78898704E-04
1.14843727E-01  2.02028081E-02  5.53087681E-04
1.16112719E-01  2.13669725E-02  5.82395296E-04
1.17381710E-01  2.12316196E-02  5.86385955E-04
1.18650702E-01  2.05739886E-02  5.54796890E-04
1.19919693E-01  2.08560713E-02  5.61651716E-04
1.21188685E-01  2.09482070E-02  5.70323784E-04
1.22457676E-01  2.09939238E-02  5.69136289E-04
1.23726668E-01  2.09146962E-02  5.70958247E-04
1.24995659E-01  2.04118919E-02  5.54933329E-04
1.26264651E-01  2.12056339E-02  5.90048789E-04
1.27533642E-01  2.06058696E-02  5.76812716E-04
1.28802633E-01  2.10860968E-02  5.88402560E-04
1.30071625E-01  2.02769116E-02  5.89081727E-04
1.31340616E-01  1.93935651E-02  5.76932507E-04
1.32609608E-01  2.09740382E-02  6.12193951E-04
1.33878599E-01  2.04946827E-02  5.78066392E-04
1.35147591E-01  1.98710840E-02  5.90174284E-04
1.36416582E-01  2.21253484E-02  6.26448891E-04
1.37685574E-01  2.01397650E-02  6.03262219E-04
1.38954565E-01  2.05118004E-02  6.25856803E-04
1.40223557E-01  1.99166816E-02  5.74487785E-04
1.41492548E-01  1.96946859E-02  6.07919064E-04
1.42761540E-01  1.97880380E-02  6.10899064E-04
1.44030531E-01  2.12695003E-02  6.27138012E-04
1.45299522E-01  2.03255042E-02  6.21619576E-04
1.46568514E-01  2.08512284E-02  6.04529632E-04
1.47837505E-01  2.12138966E-02  6.12683187E-04
1.49106497E-01  2.00457890E-02  5.88565425E-04
1.50375488E-01  2.09073815E-02  5.97867358E-04
1.51644480E-01  2.00129971E-02  5.76833845E-04
1.52913471E-01  2.01470889E-02  5.68397285E-04
1.54182463E-01  1.94801874E-02  5.58147090E-04
1.55451454E-01  2.03337912E-02  5.64779388E-04
1.56720446E-01  1.97239462E-02  5.51605481E-04
1.57989437E-01  2.12048795E-02  5.80415071E-04
1.59258429E-01  2.04799194E-02  5.66570787E-04
1.60527420E-01  2.07491554E-02  5.61013294E-04
1.61796411E-01  2.03083381E-02  5.21459093E-04
1.63065403E-01  2.03440748E-02  5.33486309E-04
1.64334394E-01  1.93767305E-02  5.16648986E-04
1.65603386E-01  2.10569538E-02  5.32257312E-04
1.66872377E-01  2.02840697E-02  5.27058495E-04
1.68141369E-01  2.00479794E-02  4.88954131E-04
1.69410360E-01  2.08929833E-02  5.14750427E-04
1.70679352E-01  2.01647375E-02  5.04551630E-04
1.71948343E-01  2.01148763E-02  4.94189619E-04
1.73217335E-01  2.06977502E-02  5.03038638E-04
1.74486326E-01  2.03247219E-02  4.83758980E-04
1.75755318E-01  2.01580673E-02  4.94366162E-04
1.77024309E-01  1.98747236E-02  4.85549448E-04
1.78293300E-01  2.00391561E-02  4.68459330E-04
1.79562292E-01  2.01295279E-02  4.80632036E-04
1.80831283E-01  2.15109065E-02  4.86622914E-04
1.82100275E-01  2.04626247E-02  4.73807013E-04
1.83369266E-01  2.04149522E-02  4.81388852E-04
1.84638258E-01  2.12290268E-02  4.71779669E-04
1.85907249E-01  2.01530010E-02  4.66474914E-04
1.87176241E-01  1.95751488E-02  4.55046014E-04
1.88445232E-01  2.01806873E-02  4.60878626E-04
1.89714224E-01  1.98650546E-02  4.54191002E-04
1.90983215E-01  2.04281360E-02  4.65336983E-04
1.92252207E-01  1.95760541E-02  4.46091464E-04
1.93521198E-01  1.94872674E-02  4.48037521E-04
1.94790190E-01  2.04238705E-02  4.41680837E-04
1.96059181E-01  1.92217380E-02  4.37147712E-04
1.97328172E-01  2.04313584E-02  4.50983818E-04
1.98597164E-01  2.07064617E-02  4.55556728E-04
1.99866155E-01  2.00947691E-02  4.44808626E-04
2.01135147E-01  1.97151471E-02  4.31445893E-04
2.02404138E-01  2.04224512E-02  4.33976093E-04
2.03673130E-01  2.03371309E-02  4.37291950E-04
2.04942121E-01  1.99734662E-02  4.38096147E-04
2.06211113E-01  2.06100531E-02  4.32935223E-04
2.07480104E-01  1.98170375E-02  4.24829574E-04
2.08749096E-01  2.03072950E-02  4.35161695E-04
2.10018087E-01  2.07144022E-02  4.36850998E-04
2.11287079E-01  1.94693413E-02  4.16274735E-04
2.12556070E-01  2.00716164E-02  4.14322421E-04
2.13825061E-01  1.99740306E-02  4.21889417E-04
2.15094053E-01  1.95230804E-02  4.16819355E-04
2.16363044E-01  1.99320558E-02  4.22814162E-04
2.17632036E-01  2.00806633E-02  4.14370734E-04
2.18901027E-01  2.02348940E-02  4.15199640E-04
2.20170019E-01  1.99082159E-02  4.13158297E-04
2.21439010E-01  1.94858667E-02  4.09351895E-04
2.22708002E-01  1.97707303E-02  4.04741586E-04
2.23976993E-01  2.02875119E-02  4.11675341E-04
2.25245985E-01  1.99003164E-02  4.06805659E-04
2.26514976E-01  1.95476059E-02  4.05287457E-04
2.27783968E-01  2.00217757E-02  4.03328333E-04
2.29052959E-01  1.93465054E-02  3.94713221E-04
2.30321950E-01  1.96654685E-02  3.94829171E-04
2.31590942E-01  2.00114753E-02  4.08370048E-04
2.32859933E-01  2.00573858E-02  3.99523822E-04
2.34128925E-01  2.01487765E-02  3.98641598E-04
2.35397916E-01  1.93398036E-02  3.84410814E-04
2.36666908E-01  1.95543710E-02  3.93814233E-04
2.37935899E-01  1.96401756E-02  3.96240619E-04
2.39204891E-01  1.94407124E-02  3.81402409E-04
2.40473882E-01  1.99839938E-02  3.96995398E-04
2.41742874E-01  1.91799160E-02  3.84449464E-04
2.43011865E-01  1.97658390E-02  3.89892550E-04
2.44280857E-01  2.02488098E-02  3.92261223E-04
2.45549848E-01  1.94831491E-02  3.77038203E-04
2.46818839E-01  2.03249194E-02  3.91999172E-04
2.48087831E-01  2.02062577E-02  3.85451625E-04
2.49356822E-01  1.95121877E-02  3.82120023E-04
2.50625814E-01  1.97908860E-02  3.74050316E-04
2.51894805E-01  2.03717221E-02  3.83845996E-04
2.53163797E-01  2.03557666E-02  3.89505643E-04
2.54432788E-01  2.01950930E-02  3.78668250E-04
2.55701780E-01  2.04997938E-02  3.82069062E-04
2.56970771E-01  2.10646763E-02  3.81784514E-04
2.58239763E-01  2.06770673E-02  3.84557468E-04
2.59508754E-01  2.07782127E-02  3.85217776E-04
2.60777746E-01  1.98517274E-02  3.64616862E-04
2.62046737E-01  1.98011547E-02  3.76264274E-04
2.63315728E-01  2.05032043E-02  3.70378519E-04
2.64584720E-01  1.98482443E-02  3.75650678E-04
2.65853711E-01  1.97025668E-02  3.68853915E-04
2.67122703E-01  1.99131053E-02  3.57389363E-04
2.68391694E-01  2.11647395E-02  3.79313715E-04
2.69660686E-01  2.05278508E-02  3.71095870E-04
2.70929677E-01  1.96119230E-02  3.67157918E-04
2.72198669E-01  1.95798259E-02  3.59370897E-04
2.73467660E-01  1.97209325E-02  3.59316036E-04
2.74736652E-01  1.99351311E-02  3.69426678E-04
2.76005643E-01  1.98338795E-02  3.53570242E-04
2.77274635E-01  1.94895137E-02  3.54573742E-04
2.78543626E-01  2.01389659E-02  3.60770850E-04
2.79812618E-01  1.95671115E-02  3.53815441E-04
2.81081609E-01  1.98635068E-02  3.63786181E-04
2.82350600E-01  1.96359064E-02  3.49395676E-04
2.83619592E-01  2.03883778E-02  3.58731602E-04
2.84888583E-01  1.98985878E-02  3.52684816E-04
2.86157575E-01  1.95104126E-02  3.52610194E-04
2.87426566E-01  1.98499318E-02  3.56296398E-04
2.88695558E-01  1.98239703E-02  3.47803114E-04
2.89964549E-01  1.96240395E-02  3.51918716E-04
2.91233541E-01  1.95121802E-02  3.44638509E-04
2.92502532E-01  2.04767287E-02  3.52754112E-04
2.93771524E-01  2.02263892E-02  3.53694224E-04
2.95040515E-01  2.00818870E-02  3.54693388E-04
2.96309507E-01  2.03252845E-02  3.64705338E-04
2.97578498E-01  1.98229291E-02  3.53381212E-04
2.98847489E-01  2.04550605E-02  3.59637546E-04
3.00116481E-01  2.01307274E-02  3.57698533E-04
3.01385472E-01  2.00961772E-02  3.58366233E-04
3.02654464E-01  2.04058737E-02  3.70980095E-04
3.03923455E-01  2.05047149E-02  3.56209202E-04
3.05192447E-01  1.94033012E-02  3.58456338E-04
3.06461438E-01  2.00360976E-02  3.60464328E-04
3.07730430E-01  2.05999836E-02  3.63689032E-04
3.08999421E-01  2.01236196E-02  3.59650061E-04
3.10268413E-01  2.00436804E-02  3.55871220E-04
3.11537404E-01  1.97755247E-02  3.63183120E-04
3.12806396E-01  1.98069941E-02  3.55684926E-04
3.14075387E-01  2.00781170E-02  3.66873952E-04
3.15344378E-01  1.98289882E-02  3.51945229E-04
3.16613370E-01  2.02335864E-02  3.63873376E-04
3.17882361E-01  1.92874409E-02  3.55474389E-04
3.19151353E-01  2.00697314E-02  3.55199125E-04
3.20420344E-01  2.04936247E-02  3.63182568E-04
3.21689336E-01  2.01772284E-02  3.65407177E-04
3.22958327E-01  1.93667915E-02  3.60909733E-04
3.24227319E-01  1.95525475E-02  3.63874977E-04
3.25496310E-01  1.96353924E-02  3.62577499E-04
3.26765302E-01  2.05120984E-02  3.74211115E-04
3.28034293E-01  1.99542921E-02  3.66640626E-04
3.29303285E-01  2.04229318E-02  3.73869087E-04
3.30572276E-01  2.02834997E-02  3.69995832E-04
3.31841267E-01  2.02307366E-02  3.67768196E-04
3.33110259E-01  2.01927684E-02  3.78775148E-04
3.34379250E-01  2.04589907E-02  3.71798436E-04
3.35648242E-01  1.98895540E-02  3.78998637E-04
3.36917233E-01  2.04339381E-02  3.73282091E-04
3.38186225E-01  2.01409329E-02  3.73751362E-04
3.39455216E-01  2.03253515E-02  3.79795791E-04
3.40724208E-01  2.00924166E-02  3.71283561E-04
3.41993199E-01  1.97900310E-02  3.72493378E-04
3.43262191E-01  2.07072850E-02  3.78744880E-04
3.44531182E-01  2.00535357E-02  3.77661345E-04
3.45800174E-01  1.98555477E-02  3.78732278E-04
3.47069165E-01  1.98632814E-02  3.66784807E-04
3.48338156E-01  2.10334249E-02  3.86406231E-04
3.49607148E-01  1.96043625E-02  3.66338791E-04
3.50876139E-01  1.99342482E-02  3.76200129E-04
3.52145131E-01  1.98369026E-02  3.69227520E-04
3.53414122E-01  2.01977808E-02  3.74267780E-04
3.54683114E-01  1.99874379E-02  3.72105249E-04
3.55952105E-01  1.97823681E-02  3.71826842E-04
3.57221097E-01  2.03590635E-02  3.76546261E-04
3.58490088E-01  2.00404543E-02  3.72247334E-04
3.59759080E-01  2.02115700E-02  3.76074662E-04
3.61028071E-01  2.03687865E-02  3.75327509E-04
3.62297063E-01  1.99365746E-02  3.75539530E-04
3.63566054E-01  1.98181830E-02  3.78148165E-04
3.64835046E-01  2.02063508E-02  3.72331124E-04
3.66104037E-01  1.97299309E-02  3.77591961E-04
3.67373028E-01  1.98075138E-02  3.68280394E-04
3.68642020E-01  2.04228312E-02  3.81002523E-04
3.69911011E-01  2.06985883E-02  3.82773171E-04
3.71180003E-01  2.02860888E-02  3.79881705E-04
3.72448994E-01  2.08002776E-02  3.92211252E-04
3.73717986E-01  1.95332896E-02  3.68028675E-04
3.74986977E-01  2.01472379E-02  3.82346305E-04
3.76255969E-01  2.05108132E-02  3.82184022E-04
3.77524960E-01  1.93222780E-02  3.73636460E-04
3.78793952E-01  2.13389006E-02  3.92805494E-04
3.80062943E-01  2.05771700E-02  3.77679709E-04
3.81331935E-01  2.03273762E-02  3.86324071E-04
3.82600926E-01  1.99367572E-02  3.83603154E-04
3.83869917E-01  2.00338848E-02  3.89788591E-04
3.85138909E-01  2.12219935E-02  4.07946703E-04
3.86407900E-01  1.98172051E-02  3.89787834E-04
3.87676892E-01  2.02758033E-02  4.15099727E-04
3.88945883E-01  1.98397785E-02  3.97636148E-04
3.90214875E-01  2.08644774E-02  4.11190995E-04
3.91483866E-01  1.99487042E-02  4.10416716E-04
3.92752858E-01  2.00785417E-02  4.09558212E-04
3.94021849E-01  1.96994785E-02  4.11992369E-04
3.95290841E-01  2.06271950E-02  4.17394796E-04
3.96559832E-01  2.08752435E-02  4.26765793E-04
3.97828824E-01  1.99870337E-02  4.23448189E-04
3.99097815E-01  2.05178428E-02  4.37758659E-04
4.00366806E-01  2.04228498E-02  4.44757781E-04
4.01635798E-01  2.05331389E-02  4.55388945E-04
4.02904789E-01  2.04346739E-02  4.68583865E-04
4.04173781E-01  2.07236577E-02  4.58441355E-04
4.05442772E-01  2.00659689E-02  4.67525970E-04
4.06711764E-01  1.94042251E-02  4.59509960E-04
4.07980755E-01  2.01920159E-02  4.81171388E-04
4.09249747E-01  2.07547322E-02  4.95188811E-04
4.10518738E-01  2.06849407E-02  4.86459816E-04
4.11787730E-01  1.97389908E-02  4.97911125E-04
4.13056721E-01  2.02793777E-02  4.94992768E-04
4.14325713E-01  2.00771168E-02  5.07833145E-04
4.15594704E-01  2.00147070E-02  5.06198383E-04
4.16863695E-01  2.08880026E-02  5.27162571E-04
4.18132687E-01  1.99004151E-02  5.31213242E-04
4.19401678E-01  2.01074053E-02  5.15800552E-04
4.20670670E-01  1.92662627E-02  5.27660013E-04
4.21939661E-01  2.13209707E-02  5.53097227E-04
4.23208653E-01  2.08569076E-02  5.62352943E-04
4.24477644E-01  2.01366637E-02  5.50403842E-04
4.25746636E-01  2.00385079E-02  5.49665187E-04
4.27015627E-01  2.04866044E-02  5.75757935E-04
4.28284619E-01  1.98721346E-02  5.63079200E-04
4.29553610E-01  2.02821121E-02  5.88436495E-04
4.30822602E-01  1.96249168E-02  5.67883078E-04
4.32091593E-01  2.00295914E-02  5.94059064E-04
4.33360584E-01  1.91876348E-02  5.86145150E-04
4.34629576E-01  2.05515698E-02  6.12857635E-04
4.35898567E-01  1.98714323E-02  6.13608048E-04
4.37167559E-01  2.15047300E-02  6.26604655E-04
4.38436550E-01  2.08944660E-02  6.74473878E-04
4.39705542E-01  2.13190131E-02  6.38312311E-04
4.40974533E-01  2.13722661E-02  6.62831997E-04
4.42243525E-01  2.07858477E-02  6.79482473E-04
4.43512516E-01  2.17165370E-02  6.66104606E-04
4.44781508E-01  1.94804315E-02  6.77339325E-04
4.46050499E-01  1.98198929E-02  6.67453860E-04
4.47319491E-01  2.04299875E-02  6.98043557E-04
4.48588482E-01  2.06959583E-02  7.23411096E-04
4.49857473E-01  2.09731199E-02  7.16557784E-04
4.51126465E-01  2.06020102E-02  7.36344897E-04
4.52395456E-01  2.01809350E-02  7.40803778E-04
4.53664448E-01  1.99250355E-02  7.45180529E-04
4.54933439E-01  2.12751385E-02  7.74996646E-04
4.56202431E-01  2.08616052E-02  8.11453443E-04
4.57471422E-01  1.97388772E-02  7.75595603E-04
4.58740414E-01  2.10056007E-02  8.14364059E-04
4.60009405E-01  1.98039711E-02  8.16123211E-04
4.61278397E-01  2.17504688E-02  8.59026564E-04
4.62547388E-01  2.01216768E-02  8.44818656E-04
4.63816380E-01  2.15844549E-02  9.09537775E-04
4.65085371E-01  1.98532622E-02  8.79466941E-04
4.66354363E-01  2.13134419E-02  9.36290890E-04
4.67623354E-01  2.20299326E-02  9.67730361E-04
4.68892345E-01  2.05138642E-02  9.52949398E-04
4.70161337E-01  2.23901104E-02  1.04835711E-03
4.71430328E-01  2.25654524E-02  1.03854819E-03
4.72699320E-01  2.11780984E-02  1.07227161E-03
4.73968311E-01  2.34683342E-02  1.15459273E-03
4.75237303E-01  2.37490106E-02  1.18293369E-03
4.76506294E-01  2.25139614E-02  1.18651835E-03
4.77775286E-01  2.12957673E-02  1.22099451E-03
4.79044277E-01  2.11154912E-02  1.26778113E-03
4.80313269E-01  2.43780166E-02  1.39314600E-03
4.81582260E-01  1.86867788E-02  1.31985580E-03
4.82851252E-01  2.02794615E-02  1.35676179E-03
4.84120243E-01  1.96982231E-02  1.44791778E-03
4.85389234E-01  2.08349880E-02  1.53464184E-03
4.86658226E-01  2.14368459E-02  1.58891082E-03
4.87927217E-01  1.98724456E-02  1.64293312E-03
4.89196209E-01  2.06637010E-02  1.82513916E-03
4.90465200E-01  1.90831199E-02  1.80085283E-03
4.91734192E-01  2.31807381E-02  2.17036135E-03
4.93003183E-01  2.44976580E-02  2.44929479E-03
4.94272175E-01  2.45717820E-02  2.57522706E-03
4.95541166E-01  2.44153198E-02  2.78238393E-03
4.96810158E-01  2.05400623E-02  2.79127434E-03
4.98079149E-01  2.29043812E-02  3.17626609E-03
4.99348141E-01  1.81903727E-02  2.91279075E-03
5.00617132E-01  2.07395535E-02  3.65992100E-03
5.01886123E-01  2.31815372E-02  3.80970142E-03
5.03155115E-01  2.81999074E-02  5.13850944E-03
5.04424106E-01  1.78468078E-02  4.32180148E-03
5.05693098E-01  2.22112741E-02  6.14456367E-03
5.06962089E-01  2.37998348E-02  6.87042018E-03
5.08231081E-01  1.58679690E-02  1.12203481E-02
5.09500072E-01  0.00000000E+00  0.00000000E+00
5.10769064E-01  0.00000000E+00  0.00000000E+00
5.12038055E-01  0.00000000E+00  0.00000000E+00
5.13307047E-01  0.00000000E+00  0.00000000E+00


### HEADER:
#
#{
#    "analysis": {
#        "uvvis": {
#            "UVDarkTransmission": 1.0,
#            "UVPathlength": 1.5,
#            "UVTransmission": 1.0
#        }
#    },
#    "calibration_params": {
#        "Beam_Center_X": 316.5,
#        "Beam_Center_Y": 253.5,
#        "Detector Tilt": 0.0,
#        "Detector Tilt Plane Rotation": 0.0,
#        "Detector_X_Pixel_Size": 172.0,
#        "Detector_Y_Pixel_Size": 172.0,
#        "Integration Method": "nosplit_csr",
#        "Radial_Average_Method": "pyFAI",
#        "Sample-to-detector distance (mm)": 632.5,
#        "Wavelength (A)": 1.3403697127913543
#    },
#    "config_file": null,
#    "counters": {},
#    "filename": "11799_A1_MQ_006_c.tiff",
#    "history": {},
#    "imageHeader": {
#        "AFTER": 162540180.0,
#        "BEFORE": 162540180.0,
#        "IC": 162540180.0,
#        "Img.ImgType": "2D",
#        "Img.Site": "TUM",
#        "Meas.Description": "MQ",
#        "aquire_timestamp": "Wed Mar 01 11:13:37 2023",
#        "beam_x": 316.33,
#        "beam_y": 231.94,
#        "beamcenter_actual": "316.33    231.94",
#        "beamcenter_nominal": "316.33    231.94",
#        "bstop": 32.0,
#        "calibrationtype": "geom",
#        "configuraton_number": 2.0,
#        "data_added_constant": 0.0,
#        "data_multiplied_constant": 1.0,
#        "dataset_comments": "MQ",
#        "datatype": "tiff",
#        "det_count_cutoff": 1147717.0,
#        "det_excluded_pixels": "badpix_mask.tif",
#        "det_exposure_period": 62.0,
#        "det_exposure_time": 60.0,
#        "det_flat_field": "(nil)",
#        "det_n_excluded_pixels": 30.0,
#        "det_pixel_size": "172e-6 172e-6",
#        "det_tau": 0.0,
#        "det_thickness": 0.00045,
#        "det_threshold_setting": 4024.0,
#        "det_trim_directory": "p3-0242_E8048_T4024.bin",
#        "detector_dist": 1425.0,
#        "detector_function": "saxs",
#        "detector_sn": "dec1174",
#        "detectortype": "Pilatus",
#        "detx": 1300.0,
#        "dety": 1.371563,
#        "detz": 0.0,
#        "dxdont": 525.0,
#        "error_norm_fact": 1.0,
#        "exposure_time": 60.0,
#        "flatfield_applied": 0.0,
#        "hg1": 2.5,
#        "hg2": 1.05,
#        "hg3": 0.0,
#        "hp1": 0.0,
#        "hp2": 0.0,
#        "hp3": 0.0,
#        "integration_time": 60.0,
#        "livetime": 60.0,
#        "log": "log",
#        "pd": 0.0,
#        "photons_per_100adu": 100.0,
#        "pixelsize": "0.172 0.172",
#        "pixelsize_x": 172.0,
#        "pixelsize_y": 172.0,
#        "reduction_type": "s",
#        "sample_ID": "p 7 10",
#        "sample_angle1": 0.0,
#        "sample_bio_cell_temp": 25.0,
#        "sample_bio_code": "None",
#        "sample_bio_run_number": 1.0,
#        "sample_bio_sample": "p 7 10",
#        "sample_bio_uv_dark": 1.0,
#        "sample_bio_uv_pathlength": 1.5,
#        "sample_bio_uv_trans": 1.0,
#        "sample_concentration": 1.0,
#        "sample_transfact": 1.0,
#        "sample_ypos": 2.5,
#        "sample_zpos": 68.9,
#        "saturated_value": 1147717.0,
#        "saxsconf_Ieff": 1.0,
#        "saxsconf_Imon": 162540180.0,
#        "saxsconf_Itrans": 162540180.0,
#        "saxsconf_Izero": 162540180.0,
#        "saxsconf_det_offx": 0.0,
#        "saxsconf_det_offy": 0.0,
#        "saxsconf_det_pixsizey": 0.172,
#        "saxsconf_det_pixsizez": 0.172,
#        "saxsconf_det_rotx": 0.0,
#        "saxsconf_det_roty": 0.0,
#        "saxsconf_dwavelength": 0.004,
#        "saxsconf_l1": 725.0,
#        "saxsconf_l2": 400.0,
#        "saxsconf_l3": 200.0,
#        "saxsconf_r1": 1.25,
#        "saxsconf_r2": 0.525,
#        "saxsconf_r3": 0.0,
#        "saxsconf_wavelength": 1.3428,
#        "solz": 0.0,
#        "source_kV": 0.0,
#        "source_ma": 0.0,
#        "source_type": "EXCILLUMMETALJET",
#        "start_timestamp": "Wed Mar 01 11:13:37 2023",
#        "thsam": 0.0,
#        "vg1": 2.5,
#        "vg2": 1.05,
#        "vg3": 0.0,
#        "vp1": 0.0,
#        "vp2": 0.0,
#        "vp3": 0.0,
#        "wavelength": 1.3428,
#        "xaxisbintype": "lin",
#        "zinger_removal": 0.0,
#        "zsam": 68.9
#    },
#    "load_path": "/home/saxslab/BIODATA/Users/Course_010323/P2/11799_A1_MQ_006_c.tiff",
#    "normalizations": {
#        "Absolute_scale": {
#            "Absolute_scale_factor": 0.7601938,
#            "Method": "Water"
#        },
#        "Counter_norms": [
#            [
#                "/",
#                "exposure_time"
#            ],
#            [
#                "/",
#                "saxsconf_Izero/1e8"
#            ]
#        ],
#        "Polarization": {
#            "Used": false
#        },
#        "Solid_Angle_Correction": "On"
#    },
#    "raw_version": "2.1.4"
#}

