### DATA:
#
# 393
#      Q             I(Q)           Error     
1.58623933E-02  -7.15929270E-03  4.11620224E-03
1.71313847E-02  -8.23232532E-03  2.73183407E-03
1.84003762E-02  -3.25113535E-03  2.20889016E-03
1.96693677E-02  -6.91087544E-03  1.80416484E-03
2.09383591E-02  -9.42547619E-03  1.64632709E-03
2.22073506E-02  -9.67167318E-03  1.29913597E-03
2.34763421E-02  -2.39802152E-03  1.24199898E-03
2.47453335E-02  -5.02096117E-03  1.12430123E-03
2.60143250E-02  -5.30899316E-03  1.01483136E-03
2.72833164E-02  -5.77027351E-03  1.01625081E-03
2.85523079E-02  -4.65687364E-03  8.44160269E-04
2.98212994E-02  -4.43104655E-03  8.64602509E-04
3.10902908E-02  -4.64060903E-03  8.09186255E-04
3.23592823E-02  -4.44039330E-03  7.82075571E-04
3.36282738E-02  -4.21106443E-03  7.43686222E-04
3.48972652E-02  -3.44046950E-03  6.70575711E-04
3.61662567E-02  -4.16288525E-03  6.75738265E-04
3.74352481E-02  -3.19827348E-03  6.47610635E-04
3.87042396E-02  -2.95971707E-03  6.41455699E-04
3.99732311E-02  -2.99883261E-03  5.96158730E-04
4.12422225E-02  -3.51159647E-03  5.76105667E-04
4.25112140E-02  -2.42698565E-03  5.72546793E-04
4.37802055E-02  -3.27921659E-03  5.46801020E-04
4.50491969E-02  -2.32250616E-03  5.42210939E-04
4.63181884E-02  -1.70415640E-03  5.15383319E-04
4.75871798E-02  -2.12547928E-03  5.05842909E-04
4.88561713E-02  -2.34855339E-03  5.22965798E-04
5.01251628E-02  -2.78481469E-03  4.68937826E-04
5.13941542E-02  -1.34982169E-03  4.57994494E-04
5.26631457E-02  -2.06503272E-03  4.67222504E-04
5.39321372E-02  -2.02750787E-03  4.53496177E-04
5.52011286E-02  -1.02761388E-03  4.71313571E-04
5.64701201E-02  -5.45233488E-05  4.22043056E-04
5.77391115E-02  -1.09907053E-03  4.39804862E-04
5.90081030E-02  -2.31135637E-04  4.30556043E-04
6.02770945E-02  2.37118453E-04  4.25641862E-04
6.15460859E-02  -1.81091949E-04  4.16630821E-04
6.28150774E-02  -5.53838909E-04  3.98489763E-04
6.40840689E-02  -3.46032903E-04  4.20303288E-04
6.53530603E-02  6.53438270E-04  3.94247152E-04
6.66220518E-02  2.31996179E-04  4.01642843E-04
6.78910432E-02  7.35467300E-04  3.72075854E-04
6.91600347E-02  1.26532093E-03  3.79522826E-04
7.04290262E-02  1.87900290E-03  3.86843982E-04
7.16980176E-02  1.28521211E-03  3.70552472E-04
7.29670091E-02  1.88102759E-03  3.66723398E-04
7.42360006E-02  2.25280412E-03  3.64619016E-04
7.55049920E-02  3.32336314E-03  3.61508253E-04
7.67739835E-02  3.34299356E-03  3.66277527E-04
7.80429750E-02  3.64014134E-03  3.42648593E-04
7.93119664E-02  4.26167622E-03  3.53066163E-04
8.05809579E-02  5.29783778E-03  3.45213368E-04
8.18499493E-02  5.96314296E-03  3.49360198E-04
8.31189408E-02  7.34207220E-03  3.57317826E-04
8.43879323E-02  8.44442472E-03  3.36478697E-04
8.56569237E-02  1.05508324E-02  3.38519196E-04
8.69259152E-02  1.27693322E-02  3.44763539E-04
8.81949067E-02  1.57074966E-02  3.52842471E-04
8.94638981E-02  2.14171633E-02  3.70577327E-04
9.07328896E-02  3.05071473E-02  3.80236626E-04
9.20018810E-02  4.60924394E-02  4.18586831E-04
9.32708725E-02  6.51939213E-02  4.56662499E-04
9.45398640E-02  8.98156911E-02  4.94106614E-04
9.58088554E-02  1.16409361E-01  5.42057154E-04
9.70778469E-02  1.38319224E-01  5.68867777E-04
9.83468384E-02  1.52295753E-01  6.08349685E-04
9.96158298E-02  1.55677542E-01  5.85387344E-04
1.00884821E-01  1.47774383E-01  5.72440505E-04
1.02153813E-01  1.30228490E-01  5.54155733E-04
1.03422804E-01  1.08425528E-01  4.99117712E-04
1.04691796E-01  8.26753378E-02  4.70914092E-04
1.05960787E-01  6.27044886E-02  4.11070039E-04
1.07229779E-01  4.51449156E-02  3.80102923E-04
1.08498770E-01  3.37227955E-02  3.49414389E-04
1.09767762E-01  2.59769000E-02  3.32154334E-04
1.11036753E-01  2.15953775E-02  3.26250010E-04
1.12305744E-01  1.93493776E-02  3.02310305E-04
1.13574736E-01  1.71574056E-02  3.18206759E-04
1.14843727E-01  1.59036908E-02  3.07161943E-04
1.16112719E-01  1.43745709E-02  3.09398485E-04
1.17381710E-01  1.35549679E-02  3.09142517E-04
1.18650702E-01  1.33631658E-02  2.96820654E-04
1.19919693E-01  1.22900587E-02  2.94531696E-04
1.21188685E-01  1.16532259E-02  2.98146886E-04
1.22457676E-01  1.16922278E-02  2.96169514E-04
1.23726668E-01  1.11749247E-02  2.97090854E-04
1.24995659E-01  1.08064190E-02  2.90461467E-04
1.26264651E-01  9.62685235E-03  2.98986997E-04
1.27533642E-01  1.03670433E-02  2.96849583E-04
1.28802633E-01  1.00458227E-02  2.99188425E-04
1.30071625E-01  9.55621898E-03  3.05240508E-04
1.31340616E-01  9.33670625E-03  3.03331122E-04
1.32609608E-01  9.44307633E-03  3.11330426E-04
1.33878599E-01  8.91344994E-03  2.95175501E-04
1.35147591E-01  8.92782770E-03  3.04718094E-04
1.36416582E-01  8.65518861E-03  3.09076015E-04
1.37685574E-01  8.55139829E-03  3.08479182E-04
1.38954565E-01  8.54202546E-03  3.15394485E-04
1.40223557E-01  8.38053599E-03  2.95296195E-04
1.41492548E-01  8.34616646E-03  3.11764161E-04
1.42761540E-01  8.30720179E-03  3.13647412E-04
1.44030531E-01  7.89359957E-03  3.10885254E-04
1.45299522E-01  8.54775868E-03  3.13931203E-04
1.46568514E-01  7.89225101E-03  3.03249981E-04
1.47837505E-01  8.46124254E-03  3.03378882E-04
1.49106497E-01  7.72482157E-03  3.00196640E-04
1.50375488E-01  7.82358088E-03  2.97854625E-04
1.51644480E-01  8.11574794E-03  2.93520541E-04
1.52913471E-01  7.79425725E-03  2.86334864E-04
1.54182463E-01  8.04170407E-03  2.88876443E-04
1.55451454E-01  8.06872360E-03  2.85189744E-04
1.56720446E-01  8.11811537E-03  2.82874389E-04
1.57989437E-01  8.70462134E-03  2.87396077E-04
1.59258429E-01  8.51018727E-03  2.86386610E-04
1.60527420E-01  8.41046870E-03  2.79991189E-04
1.61796411E-01  7.95594975E-03  2.63888505E-04
1.63065403E-01  8.42095166E-03  2.68686941E-04
1.64334394E-01  7.99282268E-03  2.67225056E-04
1.65603386E-01  8.16865079E-03  2.64033006E-04
1.66872377E-01  8.50374624E-03  2.67659867E-04
1.68141369E-01  8.53737816E-03  2.48610217E-04
1.69410360E-01  8.21303949E-03  2.56093394E-04
1.70679352E-01  8.68354738E-03  2.56518659E-04
1.71948343E-01  9.14396904E-03  2.52622820E-04
1.73217335E-01  9.45427269E-03  2.53763283E-04
1.74486326E-01  9.20900144E-03  2.46734446E-04
1.75755318E-01  9.19834524E-03  2.51221791E-04
1.77024309E-01  9.91897285E-03  2.49691337E-04
1.78293300E-01  9.76403430E-03  2.41511094E-04
1.79562292E-01  1.01575200E-02  2.47994903E-04
1.80831283E-01  1.06879398E-02  2.45289179E-04
1.82100275E-01  1.13170948E-02  2.45542469E-04
1.83369266E-01  1.14104263E-02  2.49604811E-04
1.84638258E-01  1.20908134E-02  2.42439841E-04
1.85907249E-01  1.32921319E-02  2.46656826E-04
1.87176241E-01  1.41127631E-02  2.47575314E-04
1.88445232E-01  1.60209704E-02  2.50233192E-04
1.89714224E-01  1.74011216E-02  2.51041027E-04
1.90983215E-01  2.06986871E-02  2.61718116E-04
1.92252207E-01  2.38444079E-02  2.62878981E-04
1.93521198E-01  2.82539520E-02  2.74466467E-04
1.94790190E-01  3.26072760E-02  2.72501406E-04
1.96059181E-01  3.65150869E-02  2.84147565E-04
1.97328172E-01  3.92553434E-02  2.90691853E-04
1.98597164E-01  4.05042768E-02  2.93105462E-04
1.99866155E-01  3.94611880E-02  2.89058022E-04
2.01135147E-01  3.68269496E-02  2.76721432E-04
2.02404138E-01  3.28116082E-02  2.67326832E-04
2.03673130E-01  2.83558518E-02  2.61563866E-04
2.04942121E-01  2.41236798E-02  2.55903433E-04
2.06211113E-01  2.00518928E-02  2.41210262E-04
2.07480104E-01  1.67555101E-02  2.33892119E-04
2.08749096E-01  1.40996613E-02  2.32529535E-04
2.10018087E-01  1.24318525E-02  2.27189201E-04
2.11287079E-01  1.13737900E-02  2.20253394E-04
2.12556070E-01  1.00884829E-02  2.14093758E-04
2.13825061E-01  9.26575437E-03  2.15920765E-04
2.15094053E-01  8.24654102E-03  2.13594045E-04
2.16363044E-01  7.82829523E-03  2.13056061E-04
2.17632036E-01  7.12902099E-03  2.06947327E-04
2.18901027E-01  6.63823076E-03  2.05767908E-04
2.20170019E-01  6.13026507E-03  2.03759177E-04
2.21439010E-01  5.55614009E-03  2.04073614E-04
2.22708002E-01  5.56818768E-03  2.00138878E-04
2.23976993E-01  5.23255765E-03  2.01021627E-04
2.25245985E-01  4.86498140E-03  1.99355476E-04
2.26514976E-01  4.48827446E-03  1.99108399E-04
2.27783968E-01  3.81768867E-03  1.94105509E-04
2.29052959E-01  4.08400036E-03  1.93445318E-04
2.30321950E-01  3.37737799E-03  1.90458872E-04
2.31590942E-01  3.58605385E-03  1.96202047E-04
2.32859933E-01  2.98411958E-03  1.91254672E-04
2.34128925E-01  2.75903009E-03  1.89648665E-04
2.35397916E-01  2.73839012E-03  1.86068093E-04
2.36666908E-01  2.66016647E-03  1.89749975E-04
2.37935899E-01  2.41482630E-03  1.88820239E-04
2.39204891E-01  2.38256156E-03  1.83194396E-04
2.40473882E-01  2.10386142E-03  1.87073005E-04
2.41742874E-01  2.32776627E-03  1.84614531E-04
2.43011865E-01  2.42380425E-03  1.84524164E-04
2.44280857E-01  1.79957785E-03  1.83511293E-04
2.45549848E-01  1.86072849E-03  1.79391427E-04
2.46818839E-01  1.66281499E-03  1.82783682E-04
2.48087831E-01  1.54989958E-03  1.80228468E-04
2.49356822E-01  1.30681880E-03  1.81042938E-04
2.50625814E-01  1.40817650E-03  1.76141999E-04
2.51894805E-01  1.52359903E-03  1.77751281E-04
2.53163797E-01  1.41527690E-03  1.81225114E-04
2.54432788E-01  1.27416663E-03  1.77027207E-04
2.55701780E-01  1.21628493E-03  1.76435133E-04
2.56970771E-01  1.16926618E-03  1.73982684E-04
2.58239763E-01  1.25432201E-03  1.76529284E-04
2.59508754E-01  9.38784331E-04  1.76259637E-04
2.60777746E-01  1.09062903E-03  1.71148888E-04
2.62046737E-01  1.03869662E-03  1.76572939E-04
2.63315728E-01  9.93791968E-04  1.71125590E-04
2.64584720E-01  1.17407925E-03  1.75227193E-04
2.65853711E-01  8.55563208E-04  1.72260552E-04
2.67122703E-01  8.80403444E-04  1.66475453E-04
2.68391694E-01  8.21884722E-04  1.71711305E-04
2.69660686E-01  6.46011904E-04  1.70144762E-04
2.70929677E-01  8.66871327E-04  1.72593733E-04
2.72198669E-01  7.55334273E-04  1.69187493E-04
2.73467660E-01  9.66487452E-04  1.68042548E-04
2.74736652E-01  8.10790807E-04  1.71893931E-04
2.76005643E-01  2.36332417E-04  1.64480065E-04
2.77274635E-01  5.94729558E-04  1.66713333E-04
2.78543626E-01  7.37726688E-04  1.66867685E-04
2.79812618E-01  5.27597964E-04  1.65560821E-04
2.81081609E-01  7.69505277E-04  1.69617939E-04
2.82350600E-01  6.29397109E-04  1.63305944E-04
2.83619592E-01  5.44114038E-04  1.65271544E-04
2.84888583E-01  4.61183488E-04  1.63834949E-04
2.86157575E-01  9.73554328E-04  1.65536447E-04
2.87426566E-01  7.67629594E-04  1.65190664E-04
2.88695558E-01  9.22225416E-04  1.62013806E-04
2.89964549E-01  7.64217228E-04  1.64946963E-04
2.91233541E-01  5.97983599E-04  1.62046737E-04
2.92502532E-01  7.34543428E-04  1.62309574E-04
2.93771524E-01  4.10987064E-04  1.63810691E-04
2.95040515E-01  6.01701438E-04  1.65026911E-04
2.96309507E-01  5.60862944E-04  1.68120183E-04
2.97578498E-01  9.43642110E-04  1.65549922E-04
2.98847489E-01  5.70004806E-04  1.66297294E-04
3.00116481E-01  9.52107832E-04  1.65771140E-04
3.01385472E-01  8.91389325E-04  1.66777798E-04
3.02654464E-01  7.66802579E-04  1.71353124E-04
3.03923455E-01  7.27297738E-04  1.63955046E-04
3.05192447E-01  9.19941813E-04  1.69172112E-04
3.06461438E-01  9.08110291E-04  1.67575301E-04
3.07730430E-01  9.57692042E-04  1.66610596E-04
3.08999421E-01  9.53761861E-04  1.67070815E-04
3.10268413E-01  1.11605972E-03  1.66323996E-04
3.11537404E-01  1.01234019E-03  1.70231637E-04
3.12806396E-01  1.01625361E-03  1.66479003E-04
3.14075387E-01  8.94859433E-04  1.70409097E-04
3.15344378E-01  8.31726938E-04  1.64713565E-04
3.16613370E-01  1.11574307E-03  1.68866303E-04
3.17882361E-01  9.28884372E-04  1.69052204E-04
3.19151353E-01  1.32294744E-03  1.65875550E-04
3.20420344E-01  9.62661579E-04  1.67398102E-04
3.21689336E-01  6.47645444E-04  1.69667983E-04
3.22958327E-01  1.21992454E-03  1.71311782E-04
3.24227319E-01  1.19885802E-03  1.71707157E-04
3.25496310E-01  9.10274684E-04  1.70328422E-04
3.26765302E-01  8.08777288E-04  1.72086613E-04
3.28034293E-01  1.41551159E-03  1.71757012E-04
3.29303285E-01  1.26407482E-03  1.73263950E-04
3.30572276E-01  1.06607750E-03  1.72337139E-04
3.31841267E-01  1.34932995E-03  1.71000895E-04
3.33110259E-01  1.21846609E-03  1.76822694E-04
3.34379250E-01  1.15597993E-03  1.71918160E-04
3.35648242E-01  1.32588670E-03  1.76955800E-04
3.36917233E-01  1.33378990E-03  1.72611748E-04
3.38186225E-01  9.93490219E-04  1.73321459E-04
3.39455216E-01  1.14382058E-03  1.75831141E-04
3.40724208E-01  1.34414621E-03  1.73648194E-04
3.41993199E-01  1.20031275E-03  1.75091904E-04
3.43262191E-01  8.18734989E-04  1.74822635E-04
3.44531182E-01  1.21106394E-03  1.76723537E-04
3.45800174E-01  1.19302981E-03  1.77049602E-04
3.47069165E-01  9.32123512E-04  1.71985012E-04
3.48338156E-01  8.55254009E-04  1.76412635E-04
3.49607148E-01  7.72606581E-04  1.73168723E-04
3.50876139E-01  8.09829682E-04  1.76378337E-04
3.52145131E-01  9.61858779E-04  1.73582710E-04
3.53414122E-01  1.05829351E-03  1.74125453E-04
3.54683114E-01  1.22335367E-03  1.73918030E-04
3.55952105E-01  1.06714480E-03  1.75087247E-04
3.57221097E-01  1.08133070E-03  1.74539426E-04
3.58490088E-01  1.18188933E-03  1.73865512E-04
3.59759080E-01  1.18449517E-03  1.75306093E-04
3.61028071E-01  1.54207088E-03  1.74758068E-04
3.62297063E-01  1.13315135E-03  1.75516296E-04
3.63566054E-01  8.72494653E-04  1.78308983E-04
3.64835046E-01  9.21335071E-04  1.74063098E-04
3.66104037E-01  1.00973435E-03  1.78857576E-04
3.67373028E-01  1.16381235E-03  1.73731110E-04
3.68642020E-01  1.25438347E-03  1.76252885E-04
3.69911011E-01  8.62412155E-04  1.76501635E-04
3.71180003E-01  8.96047801E-04  1.76505535E-04
3.72448994E-01  1.00209750E-03  1.80531279E-04
3.73717986E-01  8.81694257E-04  1.73823093E-04
3.74986977E-01  1.11310929E-03  1.78306989E-04
3.76255969E-01  9.24997032E-04  1.75730500E-04
3.77524960E-01  1.24521367E-03  1.77261871E-04
3.78793952E-01  9.37892124E-04  1.79722294E-04
3.80062943E-01  1.03770755E-03  1.75319743E-04
3.81331935E-01  1.66927651E-03  1.80476796E-04
3.82600926E-01  8.08738172E-04  1.80156829E-04
3.83869917E-01  9.08441842E-04  1.82878895E-04
3.85138909E-01  1.07338279E-03  1.85783851E-04
3.86407900E-01  9.88027081E-04  1.82892923E-04
3.87676892E-01  9.64250416E-04  1.93060754E-04
3.88945883E-01  1.10913627E-03  1.86468213E-04
3.90214875E-01  1.10174529E-03  1.88849270E-04
3.91483866E-01  8.62468034E-04  1.92031323E-04
3.92752858E-01  8.50876793E-04  1.91746760E-04
3.94021849E-01  1.09406188E-03  1.94350287E-04
3.95290841E-01  6.78375363E-04  1.92833744E-04
3.96559832E-01  1.08340755E-03  1.96296023E-04
3.97828824E-01  8.63593072E-04  1.99022455E-04
3.99097815E-01  1.01288594E-03  2.03122298E-04
4.00366806E-01  9.10855830E-04  2.06654906E-04
4.01635798E-01  7.46011734E-04  2.11442617E-04
4.02904789E-01  8.24527815E-04  2.17866094E-04
4.04173781E-01  7.29702413E-04  2.11965162E-04
4.05442772E-01  6.50759786E-04  2.19769208E-04
4.06711764E-01  8.79639760E-04  2.19802780E-04
4.07980755E-01  9.98450443E-04  2.25676209E-04
4.09249747E-01  7.37793744E-04  2.26713208E-04
4.10518738E-01  8.88723880E-04  2.24983989E-04
4.11787730E-01  1.13087520E-03  2.35654181E-04
4.13056721E-01  9.94076952E-04  2.31575352E-04
4.14325713E-01  4.31658700E-04  2.37452565E-04
4.15594704E-01  8.17943364E-04  2.36550375E-04
4.16863695E-01  7.32900575E-04  2.41938818E-04
4.18132687E-01  6.91158697E-04  2.49871984E-04
4.19401678E-01  5.19227237E-04  2.41805232E-04
4.20670670E-01  9.05033201E-04  2.52088124E-04
4.21939661E-01  8.55969265E-04  2.51787889E-04
4.23208653E-01  7.51102343E-04  2.57218839E-04
4.24477644E-01  4.93306667E-04  2.57281383E-04
4.25746636E-01  1.17252395E-03  2.58432498E-04
4.27015627E-01  5.18273562E-04  2.66531424E-04
4.28284619E-01  8.93948600E-04  2.64940871E-04
4.29553610E-01  5.50232828E-04  2.74978898E-04
4.30822602E-01  5.28246164E-04  2.68566393E-04
4.32091593E-01  9.70087945E-04  2.79094354E-04
4.33360584E-01  5.93094155E-04  2.82957772E-04
4.34629576E-01  8.95628706E-04  2.82885187E-04
4.35898567E-01  8.39494169E-06  2.90329772E-04
4.37167559E-01  6.73217699E-04  2.85087939E-04
4.38436550E-01  -8.04234296E-05  3.08386952E-04
4.39705542E-01  7.81854615E-04  2.92846846E-04
4.40974533E-01  1.19629875E-03  3.02884553E-04
4.42243525E-01  6.46723434E-04  3.14599427E-04
4.43512516E-01  6.70151785E-04  3.03187087E-04
4.44781508E-01  1.60340220E-04  3.22765351E-04
4.46050499E-01  8.24874267E-04  3.17290018E-04
4.47319491E-01  1.03445351E-03  3.25817906E-04
4.48588482E-01  4.03609127E-04  3.37114820E-04
4.49857473E-01  2.91705132E-04  3.28159047E-04
4.51126465E-01  5.09088859E-04  3.43991705E-04
4.52395456E-01  2.35985965E-04  3.46769724E-04
4.53664448E-01  7.33312219E-04  3.49452312E-04
4.54933439E-01  9.13992524E-04  3.53862502E-04
4.56202431E-01  5.00602648E-04  3.74799652E-04
4.57471422E-01  7.25172460E-04  3.67973989E-04
4.58740414E-01  1.15185603E-03  3.78001452E-04
4.60009405E-01  6.58610836E-04  3.86983331E-04
4.61278397E-01  8.15987587E-04  3.94063623E-04
4.62547388E-01  3.19652259E-04  3.99006880E-04
4.63816380E-01  1.16555020E-04  4.14503738E-04
4.65085371E-01  9.74470749E-04  4.16248397E-04
4.66354363E-01  -7.58171082E-05  4.32506349E-04
4.67623354E-01  1.10888854E-04  4.40334581E-04
4.68892345E-01  9.32371244E-04  4.45975311E-04
4.70161337E-01  6.66148961E-04  4.72752989E-04
4.71430328E-01  1.00866705E-03  4.70156723E-04
4.72699320E-01  1.00589916E-03  4.97489062E-04
4.73968311E-01  2.29092315E-04  5.08688681E-04
4.75237303E-01  1.14455819E-03  5.21807000E-04
4.76506294E-01  5.44952229E-04  5.32366335E-04
4.77775286E-01  -1.04656443E-04  5.56690502E-04
4.79044277E-01  1.95764564E-03  5.89125964E-04
4.80313269E-01  3.12328339E-05  6.02949061E-04
4.81582260E-01  2.85226852E-04  6.45859400E-04
4.82851252E-01  3.47835943E-04  6.32643350E-04
4.84120243E-01  -6.71446323E-05  6.99980650E-04
4.85389234E-01  8.48904252E-04  7.10297492E-04
4.86658226E-01  3.51890922E-05  7.30763015E-04
4.87927217E-01  1.76353380E-04  7.81525974E-04
4.89196209E-01  -2.72661448E-04  8.50881916E-04
4.90465200E-01  1.84427388E-03  8.71788070E-04
4.91734192E-01  1.10820122E-03  9.56219854E-04
4.93003183E-01  -3.00839543E-04  1.06671790E-03
4.94272175E-01  4.64921817E-04  1.11311360E-03
4.95541166E-01  -5.69853932E-04  1.22065295E-03
4.96810158E-01  1.69631094E-05  1.27049547E-03
4.98079149E-01  -1.51613355E-03  1.43159472E-03
4.99348141E-01  9.67565924E-04  1.50119595E-03
5.00617132E-01  1.49343908E-03  1.68706314E-03
5.01886123E-01  3.44976410E-03  1.71170139E-03
5.03155115E-01  -1.56701542E-03  2.05019163E-03
5.04424106E-01  4.63208370E-03  2.21482152E-03
5.05693098E-01  3.85987200E-03  2.75274646E-03
5.06962089E-01  2.92673893E-03  3.16027878E-03
5.08231081E-01  7.20317848E-03  6.20858232E-03
5.09500072E-01  0.00000000E+00  0.00000000E+00
5.10769064E-01  0.00000000E+00  0.00000000E+00
5.12038055E-01  0.00000000E+00  0.00000000E+00
5.13307047E-01  0.00000000E+00  0.00000000E+00


### HEADER:
#
#{
#    "analysis": {},
#    "calibration_params": {
#        "Beam_Center_X": 316.5,
#        "Beam_Center_Y": 253.5,
#        "Detector Tilt": 0.0,
#        "Detector Tilt Plane Rotation": 0.0,
#        "Detector_X_Pixel_Size": 172.0,
#        "Detector_Y_Pixel_Size": 172.0,
#        "Integration Method": "nosplit_csr",
#        "Radial_Average_Method": "pyFAI",
#        "Sample-to-detector distance (mm)": 632.5,
#        "Wavelength (A)": 1.3403697127913543
#    },
#    "config_file": null,
#    "filename": "S_A_11792_A1_Phosphate_000.dat",
#    "history": {
#        "subtraction": {
#            "initial_file": [
#                "A_11792_A1_Phosphate_000",
#                {
#                    "averaged_files": [
#                        [
#                            "11792_A1_Phosphate_000.tiff"
#                        ],
#                        [
#                            "11792_A1_Phosphate_001.tiff"
#                        ],
#                        [
#                            "11792_A1_Phosphate_002.tiff"
#                        ],
#                        [
#                            "11792_A1_Phosphate_003.tiff"
#                        ],
#                        [
#                            "11792_A1_Phosphate_004.tiff"
#                        ],
#                        [
#                            "11792_A1_Phosphate_005.tiff"
#                        ],
#                        [
#                            "11792_A1_Phosphate_006.tiff"
#                        ],
#                        [
#                            "11792_A1_Phosphate_007.tiff"
#                        ],
#                        [
#                            "11792_A1_Phosphate_008.tiff"
#                        ]
#                    ]
#                }
#            ],
#            "subtracted_file": [
#                "A_11791_A1_MQ_000",
#                {
#                    "averaged_files": [
#                        [
#                            "11791_A1_MQ_000.tiff"
#                        ],
#                        [
#                            "11791_A1_MQ_001.tiff"
#                        ],
#                        [
#                            "11791_A1_MQ_002.tiff"
#                        ],
#                        [
#                            "11791_A1_MQ_003.tiff"
#                        ],
#                        [
#                            "11791_A1_MQ_004.tiff"
#                        ],
#                        [
#                            "11791_A1_MQ_005.tiff"
#                        ],
#                        [
#                            "11791_A1_MQ_006.tiff"
#                        ],
#                        [
#                            "11791_A1_MQ_007.tiff"
#                        ],
#                        [
#                            "11791_A1_MQ_008.tiff"
#                        ],
#                        [
#                            "11791_A1_MQ_009.tiff"
#                        ]
#                    ]
#                }
#            ]
#        }
#    },
#    "imageHeader": {
#        "Img.ImgType": "2D",
#        "Img.Site": "TUM",
#        "beam_x": 316.33,
#        "beam_y": 231.94,
#        "beamcenter_actual": "316.33    231.94",
#        "beamcenter_nominal": "316.33    231.94",
#        "bstop": 32.0,
#        "calibrationtype": "geom",
#        "configuraton_number": 2.0,
#        "data_added_constant": 0.0,
#        "data_multiplied_constant": 1.0,
#        "datatype": "tiff",
#        "det_count_cutoff": 1147717.0,
#        "det_excluded_pixels": "badpix_mask.tif",
#        "det_exposure_period": 62.0,
#        "det_exposure_time": 60.0,
#        "det_flat_field": "(nil)",
#        "det_n_excluded_pixels": 30.0,
#        "det_pixel_size": "172e-6 172e-6",
#        "det_tau": 0.0,
#        "det_thickness": 0.00045,
#        "det_threshold_setting": 4024.0,
#        "det_trim_directory": "p3-0242_E8048_T4024.bin",
#        "detector_function": "saxs",
#        "detector_sn": "dec1174",
#        "detectortype": "Pilatus",
#        "dety": 1.371563,
#        "detz": 0.0,
#        "dxdont": 525.0,
#        "error_norm_fact": 1.0,
#        "exposure_time": 60.0,
#        "flatfield_applied": 0.0,
#        "hg1": 2.5,
#        "hg2": 1.05,
#        "hg3": 0.0,
#        "hp1": 0.0,
#        "hp2": 0.0,
#        "hp3": 0.0,
#        "integration_time": 60.0,
#        "livetime": 60.0,
#        "log": "log",
#        "pd": 0.0,
#        "photons_per_100adu": 100.0,
#        "pixelsize": "0.172 0.172",
#        "pixelsize_x": 172.0,
#        "pixelsize_y": 172.0,
#        "reduction_type": "s",
#        "sample_angle1": 0.0,
#        "sample_bio_cell_temp": 25.0,
#        "sample_bio_code": "None",
#        "sample_bio_run_number": 1.0,
#        "sample_bio_uv_dark": 1.0,
#        "sample_bio_uv_pathlength": 1.5,
#        "sample_bio_uv_trans": 1.0,
#        "sample_concentration": 1.0,
#        "sample_transfact": 1.0,
#        "sample_ypos": 2.5,
#        "sample_zpos": 68.9,
#        "saturated_value": 1147717.0,
#        "saxsconf_Ieff": 1.0,
#        "saxsconf_det_offx": 0.0,
#        "saxsconf_det_offy": 0.0,
#        "saxsconf_det_pixsizey": 0.172,
#        "saxsconf_det_pixsizez": 0.172,
#        "saxsconf_det_rotx": 0.0,
#        "saxsconf_det_roty": 0.0,
#        "saxsconf_dwavelength": 0.004,
#        "saxsconf_l1": 725.0,
#        "saxsconf_l2": 400.0,
#        "saxsconf_l3": 200.0,
#        "saxsconf_r1": 1.25,
#        "saxsconf_r2": 0.525,
#        "saxsconf_r3": 0.0,
#        "saxsconf_wavelength": 1.3428,
#        "solz": 0.0,
#        "source_kV": 0.0,
#        "source_ma": 0.0,
#        "source_type": "EXCILLUMMETALJET",
#        "thsam": 0.0,
#        "vg1": 2.5,
#        "vg2": 1.05,
#        "vg3": 0.0,
#        "vp1": 0.0,
#        "vp2": 0.0,
#        "vp3": 0.0,
#        "wavelength": 1.3428,
#        "xaxisbintype": "lin",
#        "zinger_removal": 0.0,
#        "zsam": 68.9
#    },
#    "normalizations": {
#        "Absolute_scale": {
#            "Absolute_scale_factor": 0.7601938,
#            "Method": "Water"
#        },
#        "Counter_norms": [
#            [
#                "/",
#                "exposure_time"
#            ],
#            [
#                "/",
#                "saxsconf_Izero/1e8"
#            ]
#        ],
#        "Polarization": {
#            "Used": false
#        },
#        "Solid_Angle_Correction": "On"
#    },
#    "raw_version": "2.1.4"
#}

